Without Genetic Algorithm:
Time: 1.3504 seconds
Area: 1707.48
Dimensions:
8.7 3
6.8 6.8
3.8 3
8.1 5.3
2.5 9.1
5.3 2.1
9 8.9
2.1 2.8
8.5 7.9
9.4 7.5
3.5 7.2
6.9 1.8
2.5 8.9
9.9 2.6
3 7.6
1.6 6.4
5.9 7
5.5 9.2
1.2 4.8
9.8 4.7
2 1.9
4.1 3.9
1.1 8.7
7 2.6
3.4 7.4
2.7 4.3
9.2 3.8
6.5 8.3
8.2 1.6
9.4 4.1
6.3 9.9
7.4 1.4
Coordinates:
14.5 13.2
0 22.6
0 12.7
29.1 7.9
31.6 24.9
19.3 39
0 37
34.1 20.4
9.4 0
19.3 31.5
29.1 13.2
9 37
12 12.7
4.2 29.4
1.2 29.4
12 21.6
23.2 11.8
31.6 34
0 29.4
0 8
9.8 8
0 0
20.4 16.2
24.6 39
15.9 37
15.9 31.5
14.5 8
3.8 12.7
3.8 21
0 3.9
14.1 21.6
14.5 11.8
With Genetic Algorithm:
Time: 3.35999 seconds
Area: 1451.16
Dimensions:
3 8.7
6.8 6.8
3 3.8
8.1 5.3
9.1 2.5
5.3 2.1
9 8.9
2.1 2.8
8.5 7.9
9.4 7.5
7.2 3.5
6.9 1.8
8.9 2.5
2.6 9.9
3 7.6
6.4 1.6
7 5.9
5.5 9.2
1.2 4.8
4.7 9.8
1.9 2
3.9 4.1
8.7 1.1
7 2.6
7.4 3.4
2.7 4.3
9.2 3.8
6.5 8.3
8.2 1.6
4.1 9.4
6.3 9.9
1.4 7.4
Coordinates:
17.9 33
12.9 3.5
26 29.1
17.9 26.5
13.3 17.8
15.4 20.3
0 30.6
13.3 20.3
22.4 3.5
12.9 10.3
12.9 0
22.3 1.6
9 38.2
15.3 23.1
0 1.6
20.1 0
22.4 11.4
22.6 17.3
30.9 8.4
8.2 0
20.7 20.3
30.9 0
9 37.1
26 26.5
0 27.2
30.9 4.1
4.1 17.8
20.9 32.9
0 0
0 17.8
9 27.2
8.2 10.3
