Without Genetic Algorithm:
Time: 1.12534 seconds
Area: 1574.8
Dimensions:
9.6 6.5
9.6 3.7
7.6 8.6
6.3 2.8
7.6 6
7.6 6.6
9.6 7.2
1.8 9.6
3.6 9.6
1.2 3.6
1.8 2.6
4.7 7.2
5.8 4.5
4.7 3.8
8.5 3.1
6.8 7
1.9 9.8
2.5 2.5
3.1 5.5
5.5 4.1
8.4 9
1.3 9.9
3.4 8.6
6.3 3.6
7.6 4
1.9 5.5
7.8 2.4
7.3 3.6
4.4 6
5.8 4.8
8.1 4.4
7 6
Coordinates:
0 16.3
0 22.8
31.1 20.9
9.6 22.3
23.9 11.1
23.5 22.3
0 6
18.1 0
38.8 5.5
33.4 4.4
18.1 17.1
9.6 6
0 26.5
19.9 17.1
9.6 13.2
23.9 4.1
42.7 0
38.7 23.7
39.6 0
23.9 0
42.4 12.2
19.9 0
38.8 15.1
38.7 26.2
15.9 22.3
31.5 4.4
42.4 9.8
31.5 9.9
9.6 16.3
18.1 9.9
31.5 0
0 0
With Genetic Algorithm:
Time: 3.04981 seconds
Area: 1486.3
Dimensions:
6.5 9.6
3.7 9.6
7.6 8.6
6.3 2.8
6 7.6
6.6 7.6
7.2 9.6
1.8 9.6
9.6 3.6
1.2 3.6
1.8 2.6
4.7 7.2
5.8 4.5
4.7 3.8
8.5 3.1
6.8 7
9.8 1.9
2.5 2.5
3.1 5.5
5.5 4.1
9 8.4
1.3 9.9
8.6 3.4
6.3 3.6
7.6 4
1.9 5.5
2.4 7.8
7.3 3.6
4.4 6
4.8 5.8
4.4 8.1
7 6
Coordinates:
17.5 34.9
7 8.4
25.5 17
25.5 14.2
13.2 12
0 0
18.3 19.6
7 21.6
15.1 8.4
7 18
15.1 0
25.9 0
7 3.1
18.7 31.1
6.6 0
26.6 7.2
8.9 31.1
10.7 12
8.9 25.6
0 37.3
16.9 0
0 27.4
8.9 33
12 27.4
1.3 31.2
24.7 8.4
13.2 19.6
25.5 25.6
8.8 19.6
0 21.6
5.5 36.4
0 7.6
