Without Genetic Algorithm:
Time: 0.124592 seconds
Area: 112047
Dimensions:
57 19
38 24
49 31
90 16
86 93
57 35
51 84
50 18
45 15
14 25
28 58
37 27
94 62
44 37
39 9
12 57
87 59
67 2
62 4
95 77
78 34
59 14
12 24
21 42
67 32
56 26
6 80
82 49
75 5
77 47
83 22
39 17
Coordinates:
57 19
38 24
49 31
90 16
86 93
57 35
51 84
50 18
45 15
14 25
28 58
37 27
94 62
44 37
39 9
12 57
87 59
67 2
62 4
95 77
78 34
59 14
12 24
21 42
67 32
56 26
6 80
82 49
75 5
77 47
83 22
39 17
With Genetic Algorithm:
Time: 1.09751 seconds
Area: 121110
Dimensions:
19 57
38 24
49 31
90 16
86 93
57 35
84 51
50 18
15 45
25 14
28 58
37 27
62 94
37 44
39 9
57 12
59 87
67 2
4 62
95 77
34 78
14 59
12 24
42 21
32 67
26 56
80 6
82 49
5 75
47 77
22 83
39 17
Coordinates:
19 57
38 24
49 31
90 16
86 93
57 35
84 51
50 18
15 45
25 14
28 58
37 27
62 94
37 44
39 9
57 12
59 87
67 2
4 62
95 77
34 78
14 59
12 24
42 21
32 67
26 56
80 6
82 49
5 75
47 77
22 83
39 17
