Without Genetic Algorithm:
Time: 0.13686 seconds
Area: 106134
Dimensions:
58 73
31 34
40 26
29 62
95 89
3 21
23 39
15 68
35 87
84 79
70 33
55 24
67 7
7 2
33 7
51 44
3 91
93 12
12 71
67 75
87 36
85 40
10 76
47 78
42 30
22 51
75 63
4 37
63 23
3 84
27 41
23 21
Coordinates:
58 73
31 34
40 26
29 62
95 89
3 21
23 39
15 68
35 87
84 79
70 33
55 24
67 7
7 2
33 7
51 44
3 91
93 12
12 71
67 75
87 36
85 40
10 76
47 78
42 30
22 51
75 63
4 37
63 23
3 84
27 41
23 21
With Genetic Algorithm:
Time: 1.08619 seconds
Area: 117546
Dimensions:
58 73
34 31
26 40
62 29
89 95
3 21
39 23
15 68
87 35
84 79
33 70
24 55
67 7
2 7
33 7
44 51
3 91
93 12
12 71
67 75
87 36
85 40
76 10
47 78
30 42
22 51
63 75
37 4
23 63
84 3
27 41
23 21
Coordinates:
58 73
34 31
26 40
62 29
89 95
3 21
39 23
15 68
87 35
84 79
33 70
24 55
67 7
2 7
33 7
44 51
3 91
93 12
12 71
67 75
87 36
85 40
76 10
47 78
30 42
22 51
63 75
37 4
23 63
84 3
27 41
23 21
