Without Genetic Algorithm:
Time: 0.0996111 seconds
Area: 144498791550
Dimensions:
44230 99209
86063 52482
3410 75978
34044 30704
99314 27377
26943 95578
14070 88126
34386 29253
12081 86660
54719 40049
91698 52005
40128 71070
82760 84162
10882 64326
24731 27990
5270 73492
30316 30243
42803 42755
71130 49177
92749 94641
66477 57988
23955 91706
66677 15373
13803 77693
80263 80137
65344 55709
49793 3784
3923 47176
13932 80210
46484 78124
74867 386
9097 16894
Coordinates:
44230 99209
86063 52482
3410 75978
34044 30704
99314 27377
26943 95578
14070 88126
34386 29253
12081 86660
54719 40049
91698 52005
40128 71070
82760 84162
10882 64326
24731 27990
5270 73492
30316 30243
42803 42755
71130 49177
92749 94641
66477 57988
23955 91706
66677 15373
13803 77693
80263 80137
65344 55709
49793 3784
3923 47176
13932 80210
46484 78124
74867 386
9097 16894
With Genetic Algorithm:
Time: 1.12861 seconds
Area: 136065024396
Dimensions:
44230 99209
52482 86063
3410 75978
30704 34044
27377 99314
26943 95578
88126 14070
34386 29253
12081 86660
40049 54719
91698 52005
71070 40128
82760 84162
10882 64326
24731 27990
5270 73492
30316 30243
42803 42755
71130 49177
94641 92749
66477 57988
91706 23955
15373 66677
77693 13803
80263 80137
55709 65344
49793 3784
47176 3923
13932 80210
46484 78124
386 74867
16894 9097
Coordinates:
44230 99209
52482 86063
3410 75978
30704 34044
27377 99314
26943 95578
88126 14070
34386 29253
12081 86660
40049 54719
91698 52005
71070 40128
82760 84162
10882 64326
24731 27990
5270 73492
30316 30243
42803 42755
71130 49177
94641 92749
66477 57988
91706 23955
15373 66677
77693 13803
80263 80137
55709 65344
49793 3784
47176 3923
13932 80210
46484 78124
386 74867
16894 9097
