Without Genetic Algorithm:
Time: 1.03954 seconds
Area: 1818.15
Dimensions:
9.6 1.1
5.6 9.3
8.8 5.3
7.7 6.9
3.2 8.4
8.9 1.2
8.5 7.4
9.3 3.5
6.3 5.1
5.6 9.8
5 6.4
3.2 4.8
2.5 7.9
8.3 9.7
8 9.3
4.2 9.9
9.1 3.3
6.6 8
9.9 5
6 9.4
3.8 9.1
4.1 3.1
6.2 3.6
4.9 1.4
9.4 8.1
1.5 5.5
8 2.4
7.3 5.3
7.4 8.7
8 4.4
2.3 6.4
1.6 1.9
Coordinates:
23.9 17.5
12.8 26.3
27.8 40.8
3.2 18.5
9.6 26.3
9.6 35.6
27.9 0
18.5 32.6
25.7 27.3
33.5 17.5
10.9 18.5
0 18.5
8 5
0 36.8
15.9 14.9
0 5
8.3 40.8
32 32.8
0 0
31.3 8.1
4.2 5
0 14.9
4.1 14.9
10.9 24.9
18.5 0
32 27.3
10.5 0
18.4 27.3
23.9 8.1
0 25.4
36.4 0
8 25.4
With Genetic Algorithm:
Time: 2.65383 seconds
Area: 1675.44
Dimensions:
1.1 9.6
9.3 5.6
8.8 5.3
7.7 6.9
3.2 8.4
8.9 1.2
7.4 8.5
9.3 3.5
5.1 6.3
5.6 9.8
5 6.4
3.2 4.8
2.5 7.9
9.7 8.3
8 9.3
4.2 9.9
9.1 3.3
8 6.6
5 9.9
6 9.4
9.1 3.8
4.1 3.1
3.6 6.2
1.4 4.9
9.4 8.1
5.5 1.5
2.4 8
7.3 5.3
7.4 8.7
4.4 8
2.3 6.4
1.6 1.9
Coordinates:
34.7 14.7
13 3.8
25.9 34.2
2.4 38.5
8 16
6 24.4
25.2 19.1
6 25.6
21 9.4
0 20.6
8 0
22.3 0
15.3 24.4
11.8 32.3
0 0
31.6 4.8
25.5 0
13 9.4
26.1 6.3
0 11.2
13 0
13 16
11.8 40.6
6 9.4
2.4 30.4
26.1 4.8
0 30.4
21.5 39.5
17.8 19.1
21.5 27.8
25.9 27.8
0 9.3
