Without Genetic Algorithm:
Time: 0.089839 seconds
Area: 15276190
Dimensions:
999 243
900 445
674 356
441 786
116 674
158 482
329 642
829 25
572 267
289 974
888 465
927 479
733 634
614 472
700 890
305 963
342 179
257 746
795 743
653 637
666 728
308 544
376 556
164 781
982 87
262 530
207 88
252 995
902 879
930 573
669 596
595 55
Coordinates:
999 243
900 445
674 356
441 786
116 674
158 482
329 642
829 25
572 267
289 974
888 465
927 479
733 634
614 472
700 890
305 963
342 179
257 746
795 743
653 637
666 728
308 544
376 556
164 781
982 87
262 530
207 88
252 995
902 879
930 573
669 596
595 55
With Genetic Algorithm:
Time: 1.11666 seconds
Area: 18297564
Dimensions:
999 243
445 900
356 674
786 441
674 116
482 158
642 329
829 25
572 267
974 289
888 465
927 479
634 733
614 472
700 890
963 305
179 342
257 746
743 795
637 653
728 666
308 544
556 376
781 164
982 87
530 262
207 88
995 252
879 902
573 930
669 596
595 55
Coordinates:
999 243
445 900
356 674
786 441
674 116
482 158
642 329
829 25
572 267
974 289
888 465
927 479
634 733
614 472
700 890
963 305
179 342
257 746
743 795
637 653
728 666
308 544
556 376
781 164
982 87
530 262
207 88
995 252
879 902
573 930
669 596
595 55
