Without Genetic Algorithm:
Time: 0.0891522 seconds
Area: 11730056
Dimensions:
931 367
807 674
37 827
925 688
185 16
808 445
257 429
395 815
238 37
900 441
367 309
51 408
212 391
661 16
264 54
829 639
22 800
241 751
108 96
813 471
21 559
155 571
505 700
520 524
672 456
343 939
961 843
961 246
39 681
416 623
257 259
321 223
Coordinates:
931 367
807 674
37 827
925 688
185 16
808 445
257 429
395 815
238 37
900 441
367 309
51 408
212 391
661 16
264 54
829 639
22 800
241 751
108 96
813 471
21 559
155 571
505 700
520 524
672 456
343 939
961 843
961 246
39 681
416 623
257 259
321 223
With Genetic Algorithm:
Time: 1.07082 seconds
Area: 10172258
Dimensions:
367 931
674 807
37 827
925 688
185 16
445 808
429 257
395 815
37 238
900 441
367 309
51 408
212 391
16 661
54 264
829 639
22 800
241 751
96 108
471 813
21 559
571 155
505 700
520 524
456 672
343 939
961 843
246 961
39 681
416 623
257 259
321 223
Coordinates:
367 931
674 807
37 827
925 688
185 16
445 808
429 257
395 815
37 238
900 441
367 309
51 408
212 391
16 661
54 264
829 639
22 800
241 751
96 108
471 813
21 559
571 155
505 700
520 524
456 672
343 939
961 843
246 961
39 681
416 623
257 259
321 223
