Without Genetic Algorithm:
Time: 0.113774 seconds
Area: 1826710200
Dimensions:
4253 6402
8037 2659
6706 9301
6481 2966
7532 9198
9285 8723
2423 7082
9909 4800
3675 6356
7193 6702
881 7117
1221 704
6285 8046
9353 7093
1005 4050
6074 4283
1037 6946
2215 7681
1750 6168
9150 2406
285 8002
6040 8181
7614 5708
2495 3262
1175 1136
2531 3008
4863 6288
4948 875
420 6896
4814 5021
7421 3735
3040 5340
Coordinates:
4253 6402
8037 2659
6706 9301
6481 2966
7532 9198
9285 8723
2423 7082
9909 4800
3675 6356
7193 6702
881 7117
1221 704
6285 8046
9353 7093
1005 4050
6074 4283
1037 6946
2215 7681
1750 6168
9150 2406
285 8002
6040 8181
7614 5708
2495 3262
1175 1136
2531 3008
4863 6288
4948 875
420 6896
4814 5021
7421 3735
3040 5340
With Genetic Algorithm:
Time: 1.10099 seconds
Area: 1364334643
Dimensions:
4253 6402
2659 8037
6706 9301
6481 2966
7532 9198
9285 8723
7082 2423
9909 4800
6356 3675
6702 7193
7117 881
704 1221
8046 6285
7093 9353
4050 1005
4283 6074
1037 6946
7681 2215
6168 1750
2406 9150
8002 285
8181 6040
5708 7614
3262 2495
1175 1136
2531 3008
4863 6288
4948 875
6896 420
5021 4814
7421 3735
5340 3040
Coordinates:
4253 6402
2659 8037
6706 9301
6481 2966
7532 9198
9285 8723
7082 2423
9909 4800
6356 3675
6702 7193
7117 881
704 1221
8046 6285
7093 9353
4050 1005
4283 6074
1037 6946
7681 2215
6168 1750
2406 9150
8002 285
8181 6040
5708 7614
3262 2495
1175 1136
2531 3008
4863 6288
4948 875
6896 420
5021 4814
7421 3735
5340 3040
