Without Genetic Algorithm:
Time: 1.0097 seconds
Area: 1458.25
Dimensions:
5.2 6.8
6.3 7.7
3.8 9.8
5.1 8.6
4.4 7.3
2.8 2.3
7.9 4.9
7 1.2
4.9 3.6
5.9 5.7
1.1 5.4
4.6 1
1.7 8.8
5.6 7.2
8.4 7
3.4 5.2
2 5
7.5 2.6
1.2 4.8
8.8 7.9
5.9 7.6
5.2 5.1
4.8 7
6.6 9.8
5.5 2.5
3.7 4.1
7.3 9.5
5.8 9.3
4.4 1.6
2.6 8.7
1.8 10
1.1 3.7
Coordinates:
13 20.3
0 20.3
25.2 25.3
9 38.4
7.4 2.5
7.3 30.7
19.5 9.5
18.2 25.3
8.4 27.1
14.1 36.4
7.3 33
8.4 20.3
7.3 38.4
21.7 0
0 9.8
27.3 0
13.3 27.1
8.4 17.7
27.4 5.2
12.9 0
18.2 17.7
0 37.5
0 0
12.9 7.9
7.4 0
8.4 21.3
0 28
15.3 27.1
19.5 7.9
4.8 0
5.2 37.5
7.3 25.4
With Genetic Algorithm:
Time: 2.53379 seconds
Area: 1331.28
Dimensions:
6.8 5.2
6.3 7.7
9.8 3.8
8.6 5.1
7.3 4.4
2.3 2.8
4.9 7.9
1.2 7
4.9 3.6
5.9 5.7
5.4 1.1
1 4.6
1.7 8.8
5.6 7.2
8.4 7
3.4 5.2
2 5
2.6 7.5
1.2 4.8
7.9 8.8
7.6 5.9
5.2 5.1
7 4.8
6.6 9.8
5.5 2.5
3.7 4.1
9.5 7.3
9.3 5.8
4.4 1.6
2.6 8.7
10 1.8
1.1 3.7
Coordinates:
15.1 32.9
0 1.6
16.7 21.9
16.7 25.7
19.3 0
0 13
6.3 1.1
11 16.7
22.1 10.7
13.6 11
6.3 0
26.6 0
15 21.9
9.5 30.7
0 15.8
15 16.7
27.6 0
11 9
22.1 5.9
26.5 24.1
11.7 0
13.6 5.9
27 5.9
26.5 14.3
9.5 24.5
18.4 16.7
0 24.5
25.1 32.9
0 0
8.4 15.8
15.1 30.8
0 9.3
