Without Genetic Algorithm:
Time: 1.03818 seconds
Area: 1593.95
Dimensions:
5.4 3
1.2 8.9
3.1 6.2
3.1 8.5
5 6.6
4.4 3.6
3.3 8.4
6.8 5.1
2.1 7.8
7.6 6.6
6.5 8.1
9.1 4.3
3.4 4.9
3.6 3.9
3 4.1
4.5 3.1
1.8 5.5
10 6.1
3.2 6.4
8.8 5.3
5.3 9.6
7.4 6
1.6 5.5
7.9 7.1
9 5.1
3.5 5.4
2.4 4.6
8.3 4.6
1.3 2.7
5.2 9.9
5.7 1.3
1 2.1
Coordinates:
3.5 0
6.3 18
3.2 12
25.6 27
22 9.2
17.6 15.3
3.6 26.9
16 0
16 5.4
3.2 5.4
25.9 18.9
27 9.2
13.2 28.5
0 26.9
18.1 5.1
8.7 28.5
6.9 26.9
7.6 15.3
0 5.4
36.1 0
34.4 13.5
36.1 5.3
18.1 9.2
8.7 21.4
16.6 28.5
0 0
10.8 0
17.6 18.9
6.3 15.3
10.8 5.4
28.7 27
28.7 28.3
With Genetic Algorithm:
Time: 2.82636 seconds
Area: 1247.8
Dimensions:
3 5.4
8.9 1.2
6.2 3.1
3.1 8.5
6.6 5
4.4 3.6
8.4 3.3
6.8 5.1
2.1 7.8
7.6 6.6
6.5 8.1
9.1 4.3
3.4 4.9
3.9 3.6
3 4.1
3.1 4.5
5.5 1.8
6.1 10
3.2 6.4
5.3 8.8
9.6 5.3
6 7.4
5.5 1.6
7.1 7.9
5.1 9
3.5 5.4
2.4 4.6
8.3 4.6
1.3 2.7
5.2 9.9
5.7 1.3
2.1 1
Coordinates:
0 2.7
3 0
18.9 30.5
15.8 22.6
14.3 12.7
7.5 27
17.7 18.5
7.5 21.9
25.1 10.7
8.3 5.3
27.2 10.7
21.5 0
14.3 17.7
11.9 27
33.7 0
27.2 4.3
2.4 32.2
8.2 11.9
21.9 10.7
3 1.2
11.9 0
15.9 5.3
7.5 30.6
18.9 22.6
2.4 21.9
21.9 5.3
0 21.8
26.1 18.8
0 0
3 11.9
7.9 32.2
3 10
