Without Genetic Algorithm:
Time: 1.3417 seconds
Area: 2010.58
Dimensions:
8.4 7.2
3.6 7.6
5 5.2
3.5 3.5
3.4 2.7
4.6 8.6
10 9.8
8.2 8.6
4.3 3.9
1.2 3.5
9.9 9
7.8 6.3
7.6 2.3
4.6 7.5
3.2 6.1
6.3 6.4
4.7 2.7
6.1 6
4.4 9.8
8.4 9.3
8.5 7.6
8.3 2
3.3 7.5
4.5 7.5
8.3 8
9.2 6.9
9.6 5.3
2.8 6.8
8.6 8.4
3.2 5.5
4.6 9
9.1 8.7
Coordinates:
0 19.3
18.4 40.1
9.1 8.6
0 36.3
22 42.1
23.7 0
0 26.5
4.5 0
8.4 17.3
14.6 29.6
20.5 30.8
23.7 14.6
22 39.8
10 22.8
17.4 8.6
15.9 14.7
15.8 29.6
23.7 8.6
10 30.3
10 40.1
29.6 39.8
0 17.3
14.1 5.3
0 0
20.5 22.8
31.5 0
14.1 0
14.6 22.8
30.4 20.9
12.7 17.3
30.4 29.3
0 8.6
With Genetic Algorithm:
Time: 2.72823 seconds
Area: 1899.96
Dimensions:
7.2 8.4
7.6 3.6
5 5.2
3.5 3.5
3.4 2.7
4.6 8.6
9.8 10
8.2 8.6
3.9 4.3
1.2 3.5
9.9 9
7.8 6.3
2.3 7.6
7.5 4.6
6.1 3.2
6.3 6.4
4.7 2.7
6.1 6
4.4 9.8
8.4 9.3
7.6 8.5
8.3 2
7.5 3.3
7.5 4.5
8.3 8
6.9 9.2
5.3 9.6
2.8 6.8
8.6 8.4
5.5 3.2
9 4.6
9.1 8.7
Coordinates:
34 25.3
8.6 0
11.6 15.9
21.1 41.1
13.6 41.1
16 27.9
17 17.9
5.5 27.6
21.1 36.5
17 6.9
18.2 6.9
28.1 0
13.7 27.9
13.6 36.5
0 8.4
35 6.3
35.9 0
5.5 21.6
28.1 15.5
8.6 3.6
35 12.7
18.2 15.9
17 3.6
25 27.9
5.3 36.2
28.1 6.3
0 24.8
34 33.7
0 0
0 21.6
25 36.5
0 12.9
