Without Genetic Algorithm:
Time: 1.07968 seconds
Area: 1381.56
Dimensions:
3.2 3.6
8.8 6.5
4 6.1
8.3 5.8
6.4 5.1
2.4 3.9
5.7 2
9 9.7
1.7 2.4
7.7 8.5
6.1 1.5
2.7 8.4
9.3 1.6
6.2 3.9
2.5 7.2
1 3.8
3.4 3.4
8.6 5.4
9.4 8.1
5.2 5.4
3.7 10
5.5 7.4
4.9 3.6
8.5 1.5
2.2 1.2
4.9 1.9
7.6 8.4
2.9 3.1
9 1.1
2.4 2.5
3.5 7.7
7.8 4.7
Coordinates:
25.1 7.4
3.5 11.3
18.7 11
9 4.4
6.2 21.3
0 11.3
9 2.4
0 1.6
9.3 0
21.1 25.8
8.7 26.4
16 11
0 0
0 22.9
6.2 26.4
2.4 11.3
32.1 21.3
22.7 11
22.7 16.4
33 0
12.3 11.3
25.1 0
17.3 7.4
12.6 21.3
6.2 33.6
32.1 11
32.1 12.9
18.7 17.1
21.1 24.7
30.6 0
0 15.2
17.3 2.4
With Genetic Algorithm:
Time: 3.04308 seconds
Area: 1245.42
Dimensions:
3.6 3.2
6.5 8.8
6.1 4
8.3 5.8
5.1 6.4
2.4 3.9
2 5.7
9 9.7
2.4 1.7
8.5 7.7
1.5 6.1
2.7 8.4
9.3 1.6
6.2 3.9
2.5 7.2
3.8 1
3.4 3.4
5.4 8.6
9.4 8.1
5.2 5.4
10 3.7
7.4 5.5
3.6 4.9
8.5 1.5
1.2 2.2
1.9 4.9
7.6 8.4
3.1 2.9
1.1 9
2.4 2.5
3.5 7.7
4.7 7.8
Coordinates:
11.2 31.8
1.1 0
17.2 27.7
24.3 21.9
13 18.1
7.6 24
22.3 21
24.3 27.7
10 17.6
13 4.9
30.9 8.4
21.5 0
13 24.5
7.6 27.9
3.5 16.8
9.5 0
13.8 27.6
7.6 9
21.5 8.4
25.4 16.5
9.5 1
13 12.6
7.6 31.8
12.4 26.1
18.1 18.1
7.6 0
0 27
22.3 18.1
0 0
0 16.8
0 19.3
0 9
