Without Genetic Algorithm:
Time: 1.03269 seconds
Area: 1416.2
Dimensions:
4 9.5
6.4 1
6.1 4.1
4.9 5.8
9.9 3.6
6.5 3.5
2.9 4.5
4.7 4.4
7.3 9.5
5.6 1.7
5.2 1.4
3.6 9.8
9.5 9
6.1 7.9
1.3 3.7
3.8 3.8
7.5 2
4.1 2.2
3 7
9.7 6.3
9.3 4
2.7 7.1
5.7 1.6
9.2 8.6
1.6 8.4
7.8 3.8
9.6 1
7.7 6.2
1.6 4.8
9.1 1.8
3.1 6.5
2 1.3
Coordinates:
28.7 0
0 16
9.7 3.6
6.1 28.2
9.7 0
18.5 15
18.5 28
0 6.2
18.5 18.5
0 17
12.2 13
12.2 14.4
26 14.3
0 28.2
4.7 6.2
0 12.2
18.5 13
14.1 28.2
9.2 13
14.1 32.5
9.2 24.2
25.8 23.3
0 10.6
0 18.7
15.8 3.6
28.7 9.5
9.7 12
0 0
26 9.5
19.6 0
11 28.2
7.7 0
With Genetic Algorithm:
Time: 3.02986 seconds
Area: 1266.36
Dimensions:
4 9.5
1 6.4
4.1 6.1
5.8 4.9
9.9 3.6
6.5 3.5
4.5 2.9
4.7 4.4
9.5 7.3
5.6 1.7
1.4 5.2
9.8 3.6
9.5 9
7.9 6.1
1.3 3.7
3.8 3.8
7.5 2
2.2 4.1
7 3
6.3 9.7
9.3 4
2.7 7.1
1.6 5.7
8.6 9.2
8.4 1.6
3.8 7.8
9.6 1
7.7 6.2
1.6 4.8
1.8 9.1
3.1 6.5
1.3 2
Coordinates:
32.5 20.3
0 6.2
32.5 13
9.6 29.5
8.7 11.8
3.4 26
18.6 20.3
8.7 15.4
18.6 13
10.4 23
1 6.2
18 0
21.7 4
16 23.2
0 27.7
31.2 3.6
1.3 31.1
1 17.9
3.4 23
2.4 6.2
8.7 0
3.4 15.9
0 22
23.9 23.2
27.8 0
8.7 4
0 33.1
0 0
32.5 29.8
1.6 22
18.6 4
1 15.9
