Without Genetic Algorithm:
Time: 0.948527 seconds
Area: 1925.25
Dimensions:
3.2 1.1
9.6 3.8
8.6 9.3
8.6 5.9
3.9 3.2
9.3 6
2.3 6.3
2 4.3
9.8 8.4
4.2 3.6
9.4 8.1
7.6 5.1
8.4 7.5
7.3 8
6.8 8.5
1.8 1.4
7.1 2.9
6.1 4.4
5.1 9.6
8.9 4.2
4 1.6
1.4 3.7
4.7 4.2
4.2 7.5
4.2 5.2
2.9 2.6
9.1 8.1
9.1 7.7
3.1 9.4
6.8 7.5
7.3 9.7
6.3 3.2
Coordinates:
25.1 17.3
3.1 14.4
18.9 24.1
20.4 36.6
20.4 33.4
27.5 19
0 34.6
16.9 24.1
22.2 0
12.5 28.4
3.1 19
16.9 19
3.1 27.1
13.1 11
0 2.6
25.1 15.9
11.9 0
27.5 25.6
6.8 1.6
11.5 33.4
6.8 0
29 36.6
20.4 11
12.7 19
41.1 0
0 0
13.1 2.9
32 0
0 11.2
25.1 8.4
36.8 15.9
6.8 11.2
With Genetic Algorithm:
Time: 2.71062 seconds
Area: 1575.09
Dimensions:
1.1 3.2
3.8 9.6
9.3 8.6
8.6 5.9
3.2 3.9
6 9.3
2.3 6.3
2 4.3
9.8 8.4
4.2 3.6
8.1 9.4
7.6 5.1
7.5 8.4
7.3 8
6.8 8.5
1.4 1.8
7.1 2.9
6.1 4.4
5.1 9.6
4.2 8.9
1.6 4
1.4 3.7
4.2 4.7
7.5 4.2
5.2 4.2
2.9 2.6
9.1 8.1
7.7 9.1
3.1 9.4
6.8 7.5
7.3 9.7
3.2 6.3
Coordinates:
15.9 43.8
3.1 0
23.2 29.6
6.8 18.5
15.4 13.2
8.8 24.8
6.9 0
6.8 24.8
15.4 21.1
4.2 9.6
25.2 13.1
22 0
23.2 38.2
22.9 5.1
9.1 38.8
15.4 17.1
25.2 22.5
15.9 29.5
9.2 0
0 9.6
16.8 17.1
18.6 9.6
9.1 34.1
25.2 25.4
0 32.3
20 9.1
0 36.5
14.3 0
0 0
0 24.8
15.9 34.1
0 18.5
