Without Genetic Algorithm:
Time: 1.04017 seconds
Area: 1665.76
Dimensions:
1.5 9.4
8.8 5.1
1.4 3.6
2.3 9.6
9.5 1.1
2.6 9.2
7.6 9.5
5.6 2.6
8.5 5
9.4 5.9
8.6 8.1
4.8 2
8.2 5.4
3 5.7
2 2.9
5.6 3.6
9.1 9.4
4.9 8.3
1.7 8.5
9.3 9.3
9.9 3.1
7.5 6.5
8.9 3.9
9.7 2.9
6.6 9
8.1 2
6 7.3
6.2 2.6
5.3 3
2.3 6.7
1.8 1.7
9.2 2.5
Coordinates:
40.4 16.3
10.3 3.7
8.9 5.4
25.6 26.3
10.3 2.6
7.6 18.3
0 18.3
10.3 8.8
37.4 11.3
7.6 27.5
17 24.3
28.3 9.3
0 0
37.4 16.3
34.8 22
28.5 20.7
28.3 11.3
10.2 18.3
32.6 0
34.3 0
15.9 12.2
25.1 0
0 14.4
17 15.3
0 5.4
26.7 24.3
40.4 25.7
10.3 0
19.8 0
19.8 3
26.7 20.7
19.1 9.7
With Genetic Algorithm:
Time: 2.67905 seconds
Area: 1647.36
Dimensions:
9.4 1.5
8.8 5.1
1.4 3.6
9.6 2.3
1.1 9.5
2.6 9.2
9.5 7.6
5.6 2.6
8.5 5
9.4 5.9
8.1 8.6
4.8 2
8.2 5.4
3 5.7
2 2.9
5.6 3.6
9.1 9.4
4.9 8.3
8.5 1.7
9.3 9.3
9.9 3.1
7.5 6.5
8.9 3.9
2.9 9.7
9 6.6
8.1 2
6 7.3
6.2 2.6
5.3 3
2.3 6.7
1.8 1.7
2.5 9.2
Coordinates:
24.4 37.2
5.3 0
34 25.2
24.4 25.2
15.5 6.7
2 5.1
6 5.1
6 21
24.1 14.3
23.2 19.3
24 2
24 0
15 19.1
15 24.5
0 3
15.5 3.1
15.3 30.2
8.3 12.7
24.1 12.6
6 30.2
14.1 0
16.6 12.6
32.6 0
24.4 27.5
6 23.6
21.1 10.6
0 23.5
35.4 19.3
0 0
6 12.7
27.3 27.5
2 14.3
