Without Genetic Algorithm:
Time: 1.03534 seconds
Area: 1580.48
Dimensions:
6.9 6.4
8.6 9.5
6.7 8.8
4.2 1.8
2.3 6.7
2.9 7.5
9 3.4
5.8 2.4
2.1 9.5
10 6.5
7.7 4.3
1.1 7.7
5.5 9.8
7.7 6.2
7.8 6.5
4.8 3
6.6 5.3
2.4 4.2
7.1 9.8
7.6 3
3.5 3
4.3 7
3.6 9
1.9 7.7
6.9 8
4.4 9.8
1.2 1.1
5.1 5.7
6.4 4.7
7.9 8.6
2 5.9
7 8.5
Coordinates:
5.8 0
0 13.1
14.3 17.6
17.5 3.4
6.4 6.4
25.4 18.4
12.7 0
0 3
22.5 34.1
8.7 6.4
14.7 34.1
16.7 26.4
8.6 17.6
0 31.1
14.7 38.4
12.7 3.4
7.7 27.4
14.3 26.4
26.6 8.6
25.4 26.4
0 0
22.3 8.6
18.7 8.6
12.8 34.1
28.3 18.4
21 17.6
8.6 13.1
7.7 34.1
0 6.4
21.7 0
22.5 27.4
0 22.6
With Genetic Algorithm:
Time: 2.33157 seconds
Area: 1543.08
Dimensions:
6.4 6.9
9.5 8.6
8.8 6.7
4.2 1.8
6.7 2.3
2.9 7.5
9 3.4
5.8 2.4
2.1 9.5
6.5 10
4.3 7.7
7.7 1.1
9.8 5.5
7.7 6.2
7.8 6.5
3 4.8
6.6 5.3
2.4 4.2
9.8 7.1
3 7.6
3 3.5
4.3 7
3.6 9
7.7 1.9
8 6.9
9.8 4.4
1.2 1.1
5.1 5.7
4.7 6.4
7.9 8.6
2 5.9
7 8.5
Coordinates:
20.1 1.1
20.6 15.1
23.3 38.2
9.8 40.4
9.1 19.5
7.9 26.7
20.6 23.7
17.5 43
9.8 0
7.7 9.5
11.9 0
16.2 0
0 40.7
9.8 34.2
0 34.2
30.4 5.3
26.5 0
21.1 34
20.6 8
4.7 9.5
30.4 10.1
15.8 9.5
17.5 34
23.5 34
20.6 27.1
10.8 21.8
7.9 25.6
4.7 0
0 0
0 25.6
7.8 34.2
0 17.1
