Without Genetic Algorithm:
Time: 0.142176 seconds
Area: 127400
Dimensions:
91 25
4 39
40 61
38 15
55 67
77 32
4 5
59 99
6 37
37 2
14 27
72 2
48 36
77 70
59 26
3 58
64 68
45 69
98 84
57 77
94 17
77 88
8 32
46 15
44 70
69 18
55 87
13 20
51 58
84 23
86 96
85 46
Coordinates:
91 25
4 39
40 61
38 15
55 67
77 32
4 5
59 99
6 37
37 2
14 27
72 2
48 36
77 70
59 26
3 58
64 68
45 69
98 84
57 77
94 17
77 88
8 32
46 15
44 70
69 18
55 87
13 20
51 58
84 23
86 96
85 46
With Genetic Algorithm:
Time: 1.11805 seconds
Area: 130500
Dimensions:
25 91
39 4
40 61
15 38
55 67
32 77
5 4
99 59
6 37
2 37
14 27
2 72
48 36
77 70
26 59
3 58
68 64
45 69
84 98
57 77
17 94
88 77
32 8
15 46
70 44
18 69
87 55
20 13
58 51
84 23
96 86
85 46
Coordinates:
25 91
39 4
40 61
15 38
55 67
32 77
5 4
99 59
6 37
2 37
14 27
2 72
48 36
77 70
26 59
3 58
68 64
45 69
84 98
57 77
17 94
88 77
32 8
15 46
70 44
18 69
87 55
20 13
58 51
84 23
96 86
85 46
