Without Genetic Algorithm:
Time: 0.0873297 seconds
Area: 1281703680
Dimensions:
6408 1369
1050 9689
2102 7065
9327 7920
3250 9764
808 6068
4729 3713
14 567
2709 2930
4661 1012
6909 4368
1750 5387
2907 7965
911 6400
2936 9576
2616 32
4323 5033
6100 7042
7528 8739
4862 377
9045 841
5113 9026
9720 2235
8958 9181
8404 2493
3624 2536
5764 8588
1507 2765
5176 5528
4980 7375
6113 2162
7296 3515
Coordinates:
6408 1369
1050 9689
2102 7065
9327 7920
3250 9764
808 6068
4729 3713
14 567
2709 2930
4661 1012
6909 4368
1750 5387
2907 7965
911 6400
2936 9576
2616 32
4323 5033
6100 7042
7528 8739
4862 377
9045 841
5113 9026
9720 2235
8958 9181
8404 2493
3624 2536
5764 8588
1507 2765
5176 5528
4980 7375
6113 2162
7296 3515
With Genetic Algorithm:
Time: 1.08943 seconds
Area: 1498101872
Dimensions:
6408 1369
1050 9689
2102 7065
9327 7920
9764 3250
6068 808
3713 4729
14 567
2709 2930
1012 4661
4368 6909
5387 1750
2907 7965
911 6400
9576 2936
2616 32
5033 4323
7042 6100
8739 7528
377 4862
9045 841
9026 5113
9720 2235
9181 8958
8404 2493
3624 2536
5764 8588
2765 1507
5528 5176
4980 7375
2162 6113
7296 3515
Coordinates:
6408 1369
1050 9689
2102 7065
9327 7920
9764 3250
6068 808
3713 4729
14 567
2709 2930
1012 4661
4368 6909
5387 1750
2907 7965
911 6400
9576 2936
2616 32
5033 4323
7042 6100
8739 7528
377 4862
9045 841
9026 5113
9720 2235
9181 8958
8404 2493
3624 2536
5764 8588
2765 1507
5528 5176
4980 7375
2162 6113
7296 3515
