Without Genetic Algorithm:
Time: 1.36392 seconds
Area: 1607.65
Dimensions:
2.3 1.4
1.6 2
5.6 1.1
7.7 4.6
5.3 9.2
7.4 9.5
1.3 6.1
8 7.9
4.2 2.7
4.2 9.1
8.5 5.4
5.2 6.2
8.9 4
3.2 6.7
5.1 2.2
8.3 6.4
9.3 2.5
1.9 3.2
1.8 7.9
1.8 4.1
7.3 9.5
4.6 4.6
6.6 9
9.6 4.3
2.3 6.5
1.6 9.5
7 4.1
8.5 7.2
6.9 9
4.8 5
7.9 5.9
7.3 6.7
Coordinates:
0 21.6
16.8 9.5
13.1 14.5
33 17.3
8 23
25.8 0
22.9 30.7
0 23
24.2 9.5
20 0
24.2 30.7
34.5 30.7
7.9 9
16.8 0
8 14.9
13.3 25.9
21.6 36.8
32.3 9.5
32.7 30.7
22.9 21.2
25.7 21.2
33 12.7
25.7 12.2
13.3 21.6
33.2 0
24.2 0
18.7 14.5
0 32.3
0 0
18.4 9.5
0 9
0 14.9
With Genetic Algorithm:
Time: 2.41962 seconds
Area: 1414.53
Dimensions:
1.4 2.3
1.6 2
1.1 5.6
4.6 7.7
9.2 5.3
9.5 7.4
1.3 6.1
8 7.9
4.2 2.7
9.1 4.2
8.5 5.4
5.2 6.2
4 8.9
3.2 6.7
5.1 2.2
6.4 8.3
9.3 2.5
3.2 1.9
7.9 1.8
1.8 4.1
9.5 7.3
4.6 4.6
9 6.6
9.6 4.3
6.5 2.3
1.6 9.5
7 4.1
7.2 8.5
9 6.9
4.8 5
7.9 5.9
6.7 7.3
Coordinates:
16.9 36.2
9 0
22.2 28.5
17.6 28.5
11.8 11.5
11.8 16.8
21.3 16.8
0 24.2
20.9 7.3
11.8 7.3
10.6 0
28.6 0
28.6 6.2
8 24.2
0 6.9
11.2 24.2
25.6 16.8
5.1 16.8
0 32.1
9 5.4
19.1 0
21 10
7.9 32.5
17.6 24.2
0 33.9
25.6 7.3
0 36.2
27.2 25.2
0 0
0 16.8
27.2 19.3
5.1 9.5
