128
969 1009
3091 8507
8252 9578
1981 3279
9682 9475
3454 8116
33 789
5237 5779
6513 8390
4995 4129
4289 7729
992 5822
4407 6236
9981 7742
4427 2731
7963 1375
6835 562
9854 7273
5145 1186
9768 8459
4429 1489
9896 9870
7158 5259
4070 8715
4710 2170
1857 7143
7411 6124
1902 4144
5758 4730
2968 8002
7246 1763
8169 2411
3869 4419
3544 1955
9111 9341
367 454
1641 9924
5739 8546
5164 8358
4392 2601
478 2264
7099 1889
7501 5359
886 7692
3126 6606
1028 3186
9633 6623
8860 9096
3607 1058
1112 4659
3707 5157
5427 7449
7459 9076
3305 8491
9365 7515
726 473
2253 4005
3314 2748
9555 8185
2759 6648
9368 5888
8142 2005
4992 3699
847 9832
5856 6080
841 835
1298 1565
3028 783
4249 4251
7576 312
9924 3617
4475 6616
9788 3227
2233 2277
3132 3090
6548 1590
3121 8606
6677 1963
7669 2884
2925 6393
9432 2280
8627 482
5501 379
3999 5274
6622 4325
2417 3808
9324 4036
409 8891
126 7931
2908 7198
9845 9164
6629 2152
9324 9160
6910 5951
3992 7984
7657 1012
5213 3649
6128 5000
7059 4591
4386 3703
6877 3224
9835 6665
9787 8946
1273 7292
2865 7575
142 3184
9564 2044
8265 4167
8903 7531
8595 2752
8807 6651
6364 1169
8444 780
7237 4686
8724 6487
3561 2103
5336 2199
2355 7181
2111 7554
9461 2812
5471 4479
2841 8841
6562 4262
808 2201
7168 3706
4921 5866
4574 4797
4247 1311
