128
9 27
51 49
68 40
22 48
99 14
48 27
65 6
72 48
39 29
89 97
90 97
90 19
7 94
101 101
20 83
23 86
106 10
65 65
6 77
66 5
96 68
34 98
20 102
25 58
60 90
77 77
3 67
78 27
30 106
76 70
16 40
26 6
54 63
4 106
80 29
104 32
72 88
53 42
37 24
34 51
55 100
108 68
105 42
59 94
65 28
81 15
49 1
91 42
86 33
65 57
78 12
49 102
75 10
31 5
3 39
74 99
106 85
71 105
81 50
89 98
101 68
35 5
1 101
13 13
45 55
83 98
37 42
32 17
3 63
72 27
29 106
79 85
105 67
56 13
15 13
33 36
93 2
37 101
75 109
38 98
75 63
21 82
97 4
40 19
38 51
86 93
29 88
99 34
4 17
70 93
10 11
24 104
77 32
63 80
109 96
26 26
37 73
49 7
18 75
87 92
78 5
2 62
75 66
70 4
94 32
23 13
78 19
65 95
46 66
22 87
87 7
26 109
40 86
43 68
104 13
53 31
104 91
85 43
68 26
66 7
48 29
44 76
45 44
55 71
54 104
63 77
96 102
76 21
