128
788 3358
3786 8381
4632 4079
6175 2035
1864 30
7144 2534
8455 3596
2845 5910
7240 2256
7718 6644
1389 8036
5693 6163
951 2889
676 4879
7914 6955
9763 9144
1906 3176
8057 5816
1029 6640
7336 2334
3496 1110
5305 4290
5878 9513
5111 3591
7829 1465
6480 9889
2748 9780
3939 7117
5515 607
9531 1179
7885 6028
6931 355
6233 234
1868 7594
5826 5155
7063 4628
2241 4424
3146 9048
8230 9884
3267 9913
9188 7930
7655 2376
4777 9280
3074 1590
2440 170
4528 6334
5755 3085
2864 958
8520 1321
9063 2101
2797 9330
9030 3654
2521 4872
6838 6022
1288 1033
9808 701
46 1141
3684 5872
3453 280
2935 6719
653 5891
4636 1939
667 4617
7991 3942
207 8683
5928 2998
7626 3703
591 2813
1455 7417
4975 7901
2796 3236
4162 1114
9461 4729
5187 7537
50 7685
2207 4498
241 4883
3803 2392
1459 9830
6173 2516
1920 4611
2779 1411
5140 494
7199 1391
9178 7008
8258 2496
1508 7271
3407 970
845 8250
9211 8175
1141 4205
4001 1494
181 538
1906 5251
5054 2891
2995 1032
7392 7242
7150 7002
433 817
8015 4718
525 2560
1136 4589
9150 7030
3798 5785
2012 5578
4862 4972
1429 305
1978 3704
5234 5090
4988 6743
3711 4940
3399 2028
1552 3194
9519 5692
5478 5810
6192 7576
3606 2753
3522 2253
7628 311
9273 6343
9280 890
7074 3961
5027 2157
6635 8002
6634 1996
9867 5183
7657 861
7340 7890
