128
2 11
58 101
43 43
64 101
80 16
98 93
59 85
54 106
59 87
104 7
104 31
71 83
105 70
48 15
46 60
68 4
13 41
76 1
109 103
37 108
77 95
58 100
56 50
2 40
8 80
103 27
88 95
85 60
64 2
62 64
99 35
69 103
77 65
19 35
21 5
98 66
21 38
89 23
97 36
88 97
48 109
72 19
87 33
23 7
65 88
23 32
69 70
61 56
12 93
34 20
35 9
46 77
44 67
102 48
32 39
89 105
98 31
71 13
76 10
20 101
94 102
64 89
77 30
106 92
25 93
21 23
7 39
57 90
52 37
37 37
91 84
107 60
83 75
75 79
86 24
52 63
38 28
65 17
35 43
82 50
80 67
92 97
102 9
29 87
31 109
9 87
84 29
82 61
22 37
53 35
73 51
93 89
32 83
32 11
32 77
44 17
59 17
61 90
92 49
49 92
93 13
55 79
84 8
38 22
63 74
109 75
88 84
44 26
39 74
89 34
16 16
29 74
47 38
57 48
13 33
17 40
109 81
59 97
55 72
38 6
28 45
78 27
68 35
73 44
34 28
87 75
17 66
28 39
