128
44 33
58 7
48 75
70 106
28 32
35 107
3 105
97 70
26 7
15 44
5 14
2 104
37 68
69 90
66 11
28 43
72 13
80 6
88 25
9 7
44 42
2 50
45 82
30 42
38 100
4 35
109 62
1 74
88 25
89 15
12 2
94 56
71 59
21 96
29 32
37 89
12 62
51 75
103 74
59 92
97 8
1 62
64 60
91 24
14 106
81 43
29 6
91 94
108 55
54 63
74 85
107 82
106 38
107 76
20 9
19 51
42 27
103 93
41 109
6 90
39 106
80 106
93 33
49 2
87 6
77 78
40 24
54 61
24 94
54 70
18 95
108 47
83 65
8 35
95 51
32 82
103 52
80 68
88 13
103 48
1 81
27 55
41 53
7 49
66 42
8 98
94 101
68 59
22 63
73 93
12 60
39 67
25 35
59 92
26 31
86 72
1 64
9 19
78 96
66 29
27 21
94 106
93 14
89 72
94 36
62 36
79 66
65 51
92 102
107 69
50 24
85 88
82 53
85 13
4 51
29 46
55 90
53 103
64 96
51 89
57 93
87 83
97 75
37 30
7 43
43 103
92 105
29 13
