128
36 28
15 33
69 53
81 56
11 68
66 65
42 48
109 4
23 107
39 85
68 99
70 78
69 30
74 27
7 27
80 51
9 92
40 64
78 79
12 15
93 42
31 64
31 102
10 37
99 39
12 38
53 76
28 17
98 35
68 82
29 50
41 26
76 5
28 16
62 77
100 33
58 47
59 73
20 101
94 12
50 11
11 20
15 86
66 59
88 32
62 85
60 10
63 27
102 1
10 60
52 71
60 75
18 70
77 87
32 56
44 107
73 48
18 36
10 107
43 85
72 107
107 74
86 61
69 56
19 35
101 52
30 6
4 73
84 41
48 58
96 47
78 2
75 34
27 91
7 19
47 41
57 24
63 47
61 13
73 6
69 99
86 91
49 60
81 21
97 24
44 77
50 82
57 45
33 85
91 34
16 22
48 82
21 84
25 26
51 43
94 85
82 82
49 10
13 85
84 24
54 12
76 6
29 14
106 100
13 40
67 56
94 103
22 86
72 65
52 47
107 61
22 58
84 42
53 52
10 37
51 16
7 52
58 68
69 35
65 106
65 17
51 92
61 70
100 29
106 74
10 74
94 2
7 4
