128
86 40
31 30
11 82
54 67
48 48
7 10
1 57
94 58
103 45
52 4
92 55
32 79
93 62
20 103
27 73
43 36
60 98
30 50
5 86
100 53
33 6
100 70
26 54
87 84
58 42
88 15
88 104
2 42
91 57
106 53
41 6
32 1
108 101
6 38
9 90
102 15
35 7
51 25
83 61
107 20
98 66
20 104
66 39
29 63
62 70
75 48
79 54
15 50
62 10
33 56
44 87
36 24
45 100
19 4
65 2
8 51
87 52
8 17
11 1
53 88
48 80
55 87
79 15
82 10
109 95
84 30
85 57
32 109
66 74
3 10
59 107
28 104
8 12
27 92
18 15
95 59
53 3
52 43
29 28
67 16
84 14
3 102
14 81
11 9
41 41
6 10
45 31
54 108
85 33
40 94
1 94
5 68
100 26
64 92
61 71
28 24
61 64
38 1
30 70
80 43
62 107
58 44
15 12
103 54
40 41
16 61
70 99
37 19
62 48
47 91
84 30
14 85
46 14
63 83
6 76
40 39
82 68
48 57
54 16
80 21
19 6
35 8
76 22
42 8
51 74
40 32
80 49
11 96
