128
7394 6812
4642 9571
1067 2363
2759 3895
1688 1519
8606 4025
8313 4424
9144 2857
8253 1253
1986 8003
5964 519
3176 485
5786 6379
8145 3170
6215 9752
197 7633
4409 9253
2120 2571
6024 9303
8481 767
906 8829
9309 3237
6275 263
9179 8425
5991 1430
5012 4339
1205 9078
6482 5484
4766 8251
6394 4374
1624 7817
8802 4380
6336 9762
531 1809
517 4859
2247 8966
6712 3980
5319 5505
6995 7596
3781 2947
4172 8919
4173 5572
5451 532
196 3993
1882 5934
6503 8429
717 4577
7660 5356
9633 2774
7214 5304
1315 4571
9469 6661
476 8567
9383 9293
3440 25
1127 4363
3865 7356
5378 9320
6628 5584
294 8504
5156 9411
8306 4849
5289 397
970 3645
5087 2833
194 1117
8500 4658
8533 5515
2233 9999
9389 5831
5513 7032
7569 4303
2271 4902
8635 7658
3875 8601
1457 588
4344 2549
236 4425
7048 9886
2707 6317
829 9274
750 5627
5271 2054
5054 5184
3645 3600
2306 4156
9884 724
7886 3395
6559 6325
6589 3099
2499 1658
7644 2669
4984 9238
7303 8652
8888 9619
7515 7895
7239 1022
6634 8943
2564 4900
2195 784
7065 8782
4482 3603
1279 6923
8952 4665
9527 9734
2608 6876
5984 2809
3022 5736
5881 6522
8579 4901
4545 2184
2780 8572
2614 6506
5966 9709
6284 6724
2006 7929
2760 5309
5539 2081
1667 7095
6314 4731
845 7289
4152 387
6489 634
9166 9938
8474 6481
5943 8287
527 5886
885 3483
