128
4952 6651
458 8823
2827 6173
2955 8640
6022 9771
7820 5348
9013 3718
6372 1099
7259 3445
680 6019
9053 5532
5719 1713
7567 7272
3418 6933
9182 1859
419 1563
2848 5142
7886 2460
2341 9229
2146 3582
7500 4565
6806 3893
4983 5342
6692 3615
7950 7030
5372 2143
7934 9965
152 2521
8672 7555
5492 9245
5300 6316
7441 801
7662 4710
786 6246
3415 5443
5282 7186
9980 8107
3278 4947
6595 7287
7635 1061
4370 3572
1626 5997
7754 6047
3720 5504
6487 127
3426 1938
692 9610
2871 170
6222 9340
7447 2349
9823 3465
2132 1384
4718 4653
9966 4422
1384 8357
8011 8999
1504 3206
5249 5511
4217 9135
6261 1774
2903 8419
5520 7765
1939 1456
1501 4241
8832 4699
1714 634
439 7633
522 2536
4603 2820
4931 3584
3486 4615
7443 743
3307 8201
5986 818
6106 7671
4181 8649
7031 4400
8243 7063
6572 4309
4588 893
6531 7186
5448 7942
965 2326
9846 4074
3083 7889
7576 121
918 1540
1384 4246
6358 503
1424 9247
4726 7483
3639 7519
9467 6364
5195 8904
2073 9969
5693 51
97 6321
3659 463
4185 6234
5427 4047
3563 2477
9756 1388
4592 1974
8599 1241
3583 7059
8672 2084
1634 8939
8536 8984
8111 5288
2403 8952
3881 9210
3590 9700
5811 8870
919 6385
3437 7962
2266 7613
6214 7557
3979 8288
5596 1433
2771 8542
9506 4063
4184 3050
4661 5079
5626 9609
2518 1790
9625 910
7454 1043
4429 6371
