128
54 75
21 53
108 33
103 5
58 1
20 66
47 26
65 88
16 22
18 44
14 48
89 33
53 18
91 34
84 58
45 109
101 45
31 8
99 58
19 20
104 104
3 44
86 91
19 95
27 62
35 11
12 94
48 48
90 4
44 30
1 47
13 101
35 24
44 70
72 89
76 7
103 41
55 68
68 109
104 34
87 66
59 10
48 56
92 38
49 17
48 84
38 81
83 48
50 7
55 33
76 62
86 10
47 69
21 90
61 74
67 53
90 4
5 47
96 3
22 27
35 44
79 79
94 54
74 96
28 105
97 95
7 54
57 28
24 5
5 85
71 7
73 107
55 54
16 17
3 42
99 49
17 31
50 53
46 45
71 85
86 49
63 91
25 49
4 12
21 19
70 34
53 37
17 62
107 36
103 67
40 32
31 2
6 87
81 17
30 42
93 98
91 92
46 64
104 61
33 70
83 103
9 33
88 92
71 107
98 10
94 83
71 83
42 89
27 100
11 2
6 11
41 70
6 63
60 37
73 80
24 108
8 59
97 28
90 28
103 73
76 100
78 61
1 106
101 94
91 4
8 39
66 22
73 65
