128
2 15
26 26
47 78
83 91
55 28
77 85
91 5
33 69
108 91
64 104
74 62
21 53
107 39
51 54
68 5
21 52
18 35
74 70
5 9
68 10
20 37
107 98
6 39
100 1
43 69
88 33
36 4
72 33
35 58
47 38
102 29
89 108
40 21
30 34
103 16
3 39
10 96
82 74
85 28
13 79
85 61
49 108
79 66
54 72
25 30
71 104
87 18
89 61
28 31
53 14
4 27
29 102
21 60
72 61
6 107
66 31
24 53
84 54
101 48
94 54
35 74
17 85
60 52
108 16
24 56
104 16
35 100
72 63
33 44
101 104
37 24
19 74
73 27
69 61
13 74
58 29
94 31
8 68
73 88
92 61
22 78
92 6
38 25
39 85
85 56
96 36
74 74
51 74
63 22
18 72
8 42
72 53
99 25
37 45
31 91
89 53
80 88
105 100
48 71
51 34
43 39
99 86
23 95
67 3
13 99
64 28
105 76
65 109
70 105
75 62
84 91
57 5
50 44
85 91
75 60
29 98
24 68
30 66
38 41
3 26
40 68
71 5
4 61
19 95
48 59
100 56
25 49
53 106
