128
6246 7407
981 1315
7199 881
2675 6333
668 3101
211 4866
7086 4325
8668 9235
6234 3686
3224 573
8659 7361
3126 4159
1666 1951
4786 1783
3795 4717
4000 8118
2277 8723
6360 6831
4982 2015
575 8089
159 4507
7589 3018
7449 9088
4545 9592
4165 4128
4431 8111
1061 66
5602 3524
8699 6509
9388 235
8285 2224
5232 9653
8610 6886
9045 3743
7001 7338
3799 8513
243 7131
5307 2973
8793 6901
8437 1795
7009 2044
3494 2307
2863 902
6599 885
1351 4709
241 8008
3027 6506
8795 1663
1409 3849
4141 3971
1410 4512
2226 3993
391 215
5214 4748
6194 4888
4570 2244
2772 7010
7437 7844
2363 7005
7205 2571
6664 4129
1755 8186
1251 4830
6386 6948
7452 7720
8139 5766
9756 9072
7307 6402
2966 5069
9776 5162
8706 8301
9713 5184
2350 1737
350 8913
8148 9490
9716 6549
6924 5878
5123 5702
1235 5415
1415 3150
8763 9394
3273 3128
9501 3864
3086 3621
1163 919
1530 6794
3010 1818
6592 3878
1983 7516
8099 9581
9780 8053
8685 6143
8787 3810
4386 1798
3755 6989
3947 1332
1935 4049
6657 6191
7871 5451
6367 5583
7010 5772
4593 8369
9823 6540
7686 2767
8783 4645
8897 5294
32 3495
5029 2063
2622 4
894 5911
4537 9708
6764 3649
2465 2156
4963 6568
4538 2644
640 9410
5413 3755
9763 9030
5946 4606
8737 2022
4306 1693
4307 3765
943 6620
7218 1649
1441 5718
963 6400
4295 7588
9598 1767
