128
1 100
46 31
96 42
25 75
78 91
101 28
83 35
78 59
1 67
43 69
81 97
21 69
87 54
51 22
10 36
87 57
108 5
30 5
31 30
83 70
46 79
31 53
39 43
73 77
87 62
44 16
54 64
13 68
32 69
12 94
14 8
84 35
27 21
99 26
90 61
109 28
8 13
2 93
93 4
73 33
78 60
45 102
42 42
105 102
80 3
40 7
47 72
61 77
45 12
33 46
55 57
10 94
17 106
11 106
80 68
63 70
77 107
46 22
77 31
72 73
50 63
13 60
64 22
19 66
51 4
11 61
76 101
56 69
65 90
96 109
100 17
15 61
107 69
49 13
102 62
25 106
66 47
25 93
73 47
30 56
65 50
74 66
9 74
88 88
4 39
61 91
28 41
73 22
41 83
60 35
15 82
9 3
16 35
35 20
36 65
1 59
12 90
17 79
13 74
50 109
45 105
33 22
81 34
63 91
68 60
14 35
37 57
14 18
37 17
13 107
84 78
74 4
18 101
99 91
87 65
88 102
97 99
4 1
87 65
98 108
104 102
74 67
53 32
70 73
67 27
38 74
33 16
2 71
