128
92 49
72 98
35 102
13 97
61 49
80 83
16 40
10 70
96 42
74 107
17 64
98 28
92 37
29 26
20 48
80 83
19 13
30 56
65 55
9 19
85 82
17 90
56 41
59 101
23 31
46 52
53 31
24 62
37 71
20 68
88 73
94 94
99 89
27 70
46 7
53 17
8 46
64 87
69 72
11 59
6 69
29 77
39 46
88 87
70 14
24 82
54 106
6 32
25 87
52 78
100 88
27 36
106 26
67 62
10 14
29 26
33 18
28 62
106 103
99 32
56 47
27 35
37 96
54 68
34 6
12 72
82 29
40 10
71 102
28 29
3 29
62 7
31 13
17 101
17 37
38 39
95 16
72 72
80 11
22 88
85 79
21 100
92 33
75 54
71 41
63 8
70 40
17 91
64 106
103 23
101 105
29 99
13 24
28 40
21 71
89 95
63 77
77 82
100 50
71 58
109 71
1 75
49 58
9 39
69 65
6 28
1 3
46 83
21 66
70 80
65 70
70 11
17 7
103 3
72 76
19 99
3 78
61 79
37 23
94 73
106 30
22 14
2 96
51 72
37 106
100 53
109 88
81 98
