128
17 8
13 83
1 90
17 90
18 44
7 56
41 17
84 91
25 52
13 14
29 63
33 20
9 76
23 10
32 87
67 1
1 60
75 16
65 91
47 51
76 58
65 13
66 84
19 40
97 38
15 65
94 83
19 69
64 7
36 73
14 34
21 4
58 87
2 68
21 96
3 34
13 5
63 55
61 88
36 58
86 93
31 14
72 26
13 39
18 13
38 86
10 78
88 11
94 13
91 95
25 35
30 61
13 81
5 85
9 70
19 53
91 53
86 58
60 71
6 25
65 74
35 56
64 12
89 41
20 79
66 3
72 69
81 74
96 15
44 10
19 49
55 39
20 67
82 75
2 59
1 98
19 76
73 30
39 45
89 5
2 46
28 7
24 92
13 21
3 96
37 87
22 80
23 60
21 66
58 47
7 9
72 14
87 64
41 66
85 9
49 58
89 76
46 27
46 79
73 11
56 3
92 84
72 74
1 26
70 83
74 52
61 63
31 25
73 41
21 27
41 35
71 95
27 55
22 12
5 42
67 14
7 31
7 55
68 35
82 94
46 72
55 87
88 52
53 54
42 24
13 20
7 79
22 65
