128
50 13
57 31
14 75
109 55
75 45
12 105
45 75
56 51
1 24
32 106
77 107
19 89
53 16
16 10
11 79
17 17
85 29
5 92
107 35
57 77
45 107
20 80
61 20
48 51
52 36
91 17
16 99
80 83
50 96
16 31
62 64
43 73
60 74
87 35
22 106
77 33
42 51
105 78
106 57
55 12
30 64
57 11
55 32
82 96
66 67
21 50
1 106
11 24
73 68
82 57
5 44
47 19
34 33
92 4
65 102
9 51
59 23
56 70
62 28
68 19
16 88
95 54
90 60
72 86
16 5
13 64
32 18
90 42
91 100
34 84
104 38
87 52
50 1
1 20
13 108
67 69
51 102
22 64
37 92
65 92
89 37
9 43
13 43
71 67
76 28
44 55
88 5
22 37
44 18
65 13
99 60
14 49
44 11
97 74
21 104
17 97
94 2
65 65
45 95
97 71
48 96
89 38
96 56
85 89
64 54
73 45
85 60
32 60
28 34
34 12
62 43
83 109
84 86
13 101
97 83
82 5
38 93
84 76
100 55
96 74
58 105
22 7
54 85
97 32
97 71
10 105
60 57
22 80
