128
3441 1201
4171 6880
1239 9560
6068 299
2794 3441
9264 6317
2692 3140
1349 5509
837 8043
5372 9220
3369 6111
2989 4182
800 4310
8136 6836
6557 2848
9268 2423
8812 8122
3509 1804
8348 9003
1231 2781
9241 7832
9818 394
5370 8578
1440 9927
8866 9678
5022 2468
9071 1533
8283 6431
3070 6893
9068 3024
3308 4430
3022 8307
2205 103
5141 3506
9066 6120
3955 9161
6243 8069
4794 4480
1976 8090
7169 3687
7270 419
8140 652
3432 7418
7979 7666
2328 4106
5616 5900
1734 5880
3650 2466
2858 150
7576 7500
5150 8314
7915 7690
6220 1477
5926 6222
6867 8584
9316 2708
6721 1538
9079 5552
2474 9115
6354 8146
314 5268
7346 4043
7116 1813
4634 7375
7203 5896
2584 8216
5146 9471
3822 2927
1795 6792
7214 8179
435 6172
818 4309
8229 1983
4264 864
9299 7734
2124 5817
8357 8422
8271 5243
8293 9763
2525 7561
4360 5451
1106 1396
7253 6419
8768 1976
3174 8560
9938 7559
3372 9128
3865 1786
5963 5668
1949 7430
4247 1548
2067 8234
8512 3380
635 1287
5136 8982
5154 1329
359 6352
6142 3852
4135 5844
9896 8087
7319 2214
2515 5089
3107 688
5698 3590
5665 2709
6323 7583
1259 4516
9634 4666
5464 4861
2452 1335
8624 6756
1607 568
6272 8803
1504 5549
97 5628
2554 2170
5743 9642
9861 1727
2386 186
8889 2325
6941 586
8300 9377
2269 5143
6571 6766
8813 3883
3992 1584
5660 8439
5853 6343
