128
26 40
72 17
100 84
83 81
56 55
97 58
28 11
63 73
99 34
28 98
1 62
102 87
20 21
94 42
39 69
64 104
64 14
22 20
55 21
14 54
90 61
107 65
31 19
84 64
91 12
109 44
69 71
88 48
77 51
62 21
45 11
95 39
1 48
85 93
48 67
61 22
67 20
102 40
39 59
39 99
17 61
30 53
28 40
88 76
96 55
37 34
14 41
87 43
11 23
54 94
29 70
32 61
6 99
36 29
43 50
59 35
60 74
14 2
1 68
71 82
109 62
10 35
24 31
84 29
106 48
86 99
20 64
90 62
7 22
3 13
37 67
97 87
13 15
94 101
49 108
101 30
2 12
40 47
8 109
76 87
39 57
87 9
53 38
57 99
91 2
83 24
31 58
25 15
64 68
45 100
70 26
35 52
2 74
61 97
13 32
49 26
26 74
72 9
11 54
61 89
16 65
89 41
72 24
79 77
77 78
90 4
26 38
31 41
64 55
103 18
40 90
42 106
69 16
32 6
89 28
87 70
4 28
79 34
47 55
58 78
82 40
107 5
71 46
59 37
45 74
31 3
51 105
33 86
