128
87407 40935
9237 87305
37852 52901
49124 49071
27753 26756
12901 61952
95655 24615
1764 88287
7925 76850
50562 35001
25269 16583
32068 22369
83549 47184
82121 74725
88334 52790
38300 61106
3267 82124
73120 20205
13861 42183
5341 69224
2492 55268
3796 32506
51730 76631
31320 55795
6429 50485
76462 70035
2941 20819
75754 32981
1162 70455
38818 67455
13020 14042
89038 92455
69614 68048
53039 60869
48001 32348
35775 65390
53546 30240
63567 54269
94694 33920
26834 21233
80691 25630
47687 46225
6046 8054
32339 65106
89232 60822
68093 13798
74852 54832
47006 99983
66098 84525
86472 32811
74083 7282
24247 45314
77566 97644
66908 74825
6705 87065
25611 27190
71161 34073
57107 65035
37489 94741
35953 54684
79162 59383
66199 4216
56349 70781
8737 92844
23240 47581
21303 43141
3027 33006
52597 86054
99718 36212
22432 98390
90166 75204
12410 73962
48755 64608
44842 16301
98381 28890
29391 67605
12315 63752
38177 28488
27566 23587
56247 69223
3486 16970
71709 46027
54435 8318
26727 58672
39917 93380
98435 88181
9797 72653
76784 33716
21211 62040
21185 8574
15797 56373
24765 31105
89997 77128
31356 211
51353 68436
67771 11834
29801 52789
32686 11502
27838 33186
60279 30497
52429 84306
65931 97683
81797 187
1722 61617
36154 17168
88775 61628
56662 90743
30803 55283
34353 84708
53087 24415
84777 84334
85000 55400
78013 22688
58686 68029
67661 95189
20018 25485
61356 11063
17252 3093
68601 79483
41654 47975
99218 18853
24370 48861
55567 46899
79073 41351
67254 97574
10671 15279
17630 57255
27343 13165
