128
100 16
79 103
86 80
80 22
97 66
98 9
94 85
94 88
76 48
83 63
33 98
45 55
32 103
87 108
71 76
53 88
71 26
35 93
83 65
36 63
77 26
74 103
51 51
98 103
57 28
85 84
85 67
101 4
91 15
109 63
36 84
49 105
33 90
65 102
13 69
24 17
12 93
23 47
71 101
96 2
106 66
65 33
10 7
6 37
14 24
61 29
96 8
10 52
57 94
74 52
35 50
91 27
86 75
104 92
4 9
58 84
39 42
84 25
85 92
80 42
66 67
18 26
105 7
74 78
49 71
58 74
21 38
93 38
17 7
14 49
20 7
102 95
23 59
6 24
22 36
13 12
91 68
18 25
75 61
56 14
7 31
79 45
101 24
67 56
92 105
43 98
23 72
101 37
77 76
38 75
31 5
101 14
11 77
83 54
43 87
109 61
8 42
87 104
94 101
106 12
97 67
52 89
33 30
54 53
29 25
15 40
29 95
77 108
25 95
35 79
54 19
18 50
35 96
60 29
91 105
39 80
81 17
6 53
37 26
46 80
36 35
61 61
59 16
69 101
29 25
74 28
20 87
82 59
