512
73 52
86 49
40 62
3 31
61 22
57 35
83 59
14 7
72 50
97 12
45 33
36 107
106 46
15 102
85 101
66 102
32 84
59 87
50 53
100 92
76 36
97 74
42 89
98 43
41 94
55 90
11 92
27 27
109 25
43 62
32 71
107 44
51 104
51 29
40 12
48 81
79 27
18 45
85 101
61 81
108 88
48 107
15 103
98 4
26 3
52 82
109 83
25 104
98 103
2 46
89 14
103 88
105 37
82 44
72 68
12 52
19 73
61 21
48 54
61 34
53 10
59 1
53 103
72 83
20 20
51 29
40 20
47 15
46 1
23 29
2 73
86 4
25 102
58 5
6 52
67 40
64 109
97 65
87 37
67 18
19 55
45 93
69 6
36 94
96 67
45 1
58 83
4 41
96 96
54 103
27 88
41 76
62 31
81 48
58 34
17 36
12 28
76 6
37 8
26 52
65 69
18 59
85 44
62 77
37 51
105 52
12 55
21 10
19 14
94 24
91 43
79 17
37 95
61 107
1 24
109 51
94 72
38 62
100 44
85 38
84 5
44 51
91 54
96 101
63 40
5 87
63 69
90 67
105 16
17 64
47 19
89 92
86 89
33 48
98 3
73 13
84 68
92 22
36 40
63 104
104 13
79 37
10 71
78 103
4 57
7 88
10 49
68 105
36 36
42 55
78 18
9 24
68 57
95 20
90 19
67 72
29 52
7 7
101 54
88 69
92 77
5 78
72 54
56 86
19 77
105 51
52 69
73 44
17 97
107 35
18 109
59 49
89 39
46 32
70 99
3 76
22 12
76 90
36 43
76 95
75 101
50 71
43 66
65 15
74 16
87 105
52 28
39 37
65 20
53 40
70 25
72 8
4 83
36 96
75 44
63 3
65 22
78 97
36 40
6 7
85 42
47 106
12 7
10 67
105 38
11 7
66 2
45 79
13 76
99 89
75 55
67 1
79 104
105 26
10 4
38 106
103 73
36 62
28 95
94 87
37 47
42 100
35 92
36 69
17 86
11 107
29 6
13 88
32 38
84 84
63 49
51 88
37 30
54 33
109 69
24 5
100 27
96 80
11 79
63 75
68 2
28 31
36 5
25 82
4 45
4 96
10 12
59 66
48 86
70 36
79 22
21 47
4 28
103 7
98 36
45 54
32 49
87 80
28 33
44 99
43 15
66 17
26 65
99 72
46 29
92 50
18 58
34 109
89 27
44 73
99 31
37 70
88 52
74 98
68 65
83 23
67 64
12 19
40 105
36 42
45 75
47 32
25 26
62 71
12 46
63 87
100 70
88 20
4 39
14 94
22 108
60 39
61 46
46 18
88 45
39 22
101 50
37 101
63 62
43 88
63 109
49 27
52 75
80 82
89 17
66 107
50 42
77 85
106 52
31 97
60 58
107 41
92 67
70 88
47 73
98 27
26 57
5 66
45 18
5 108
93 19
41 11
7 23
82 98
9 37
109 56
70 14
75 99
79 10
17 82
8 44
33 67
32 108
79 30
92 24
1 65
60 8
69 49
17 62
77 36
72 38
30 70
94 75
17 1
67 33
103 35
39 77
76 104
1 32
91 29
68 57
9 20
96 41
41 90
87 55
45 43
45 29
33 13
97 79
66 52
52 29
86 24
60 31
89 89
108 31
49 70
48 80
64 109
8 42
27 59
95 93
40 19
102 99
85 59
65 1
16 104
25 87
101 56
42 71
97 52
63 96
22 70
4 38
13 14
90 48
71 50
53 54
84 42
102 1
97 102
77 79
20 41
14 6
43 7
13 49
77 52
17 46
82 70
80 33
108 67
18 6
51 87
62 82
108 76
109 55
71 91
2 23
79 101
43 30
69 23
34 24
82 79
1 58
7 45
9 103
34 18
83 101
94 88
98 26
15 93
97 81
7 84
60 34
14 17
33 97
70 93
33 44
108 108
61 102
48 67
69 16
49 61
100 53
28 103
14 2
66 34
50 55
93 10
24 94
73 7
54 33
17 89
50 6
45 33
49 105
72 108
16 44
22 41
45 49
15 96
87 27
83 94
18 71
53 46
43 14
108 17
71 1
73 86
33 107
88 63
35 32
7 71
70 18
42 96
68 75
30 3
34 12
86 4
69 16
75 57
107 26
7 37
69 104
83 3
3 29
82 29
46 8
51 11
64 81
57 76
14 27
65 39
82 41
54 27
49 46
84 42
71 7
87 75
68 69
60 21
90 23
4 89
21 10
1 38
12 12
77 34
53 105
98 91
52 8
2 11
1 103
90 44
95 55
84 86
79 53
29 18
16 59
27 71
63 49
103 38
42 100
80 71
