512
1501 4938
9687 9870
7808 5500
166 7320
653 3736
2344 2489
1628 2481
5863 2239
8705 7800
235 5870
4423 2241
6151 68
4684 3346
9772 4190
801 5358
5914 5760
2489 167
3011 9349
5442 4576
2134 8709
4051 4210
6875 956
5347 9695
3939 9207
8138 6034
1905 6401
2725 5884
5053 8004
2392 2299
426 9399
3450 145
5476 2407
8489 2024
4453 6276
7527 2251
1716 2943
9469 5331
7611 3730
2461 2165
6581 9089
7773 460
3633 3782
4619 7207
9170 9645
518 3178
8209 5801
669 7006
1042 3376
9962 910
6411 7631
889 1329
6211 5598
9778 8142
8523 4729
5309 1361
3438 9278
9469 727
439 1659
8411 2938
5737 2214
6515 678
2534 6383
8688 2854
7201 2357
5568 2346
9123 8214
9564 9364
5248 8148
2888 5722
3920 15
4149 7306
3112 522
9912 3122
2582 6205
8099 6594
3941 4715
6554 399
6498 5597
3465 5580
39 8340
1619 4514
2716 491
7306 717
9390 9361
4345 8305
4189 3265
6748 865
6239 7735
1159 5742
2683 4838
5826 9786
5537 3194
3947 5257
3226 2088
5740 4063
3352 8646
2692 379
5656 446
7214 3891
4436 7619
8357 5832
6198 4690
160 2686
598 2790
1334 3097
7647 176
888 6142
4749 5403
2737 6164
1161 9420
2986 276
1627 3204
4115 5238
7876 7112
7363 6210
4631 5692
5479 5341
8435 4496
7712 2386
7483 2114
5192 1425
9803 8624
5498 4500
6513 2682
9982 2375
2806 3086
3313 2650
5467 6427
3628 5801
76 7346
2984 7334
8124 4086
6078 1259
4255 3208
8021 4630
5523 6044
9428 8714
2776 8414
7031 7002
9007 8853
5175 7706
6046 3230
6199 3807
6342 3700
3223 5659
417 4743
3341 605
3367 8312
9657 6039
1232 3889
4336 4794
8528 6738
3001 7806
7938 8327
9701 5965
6535 2222
3035 5456
8113 7302
578 2979
9941 4588
6546 8715
4022 3124
8989 4249
7079 3346
2852 2808
367 6414
6353 231
5832 4920
102 5680
7887 8447
3800 3919
2833 8705
7142 2336
9657 4288
1067 4352
1223 1515
9997 5016
5591 8757
1681 2239
7867 2613
4514 8494
4595 3694
8970 1672
8534 7623
1663 2279
4882 7670
3385 1958
1726 3472
5760 2779
2870 2160
5341 5630
9641 9247
9902 7684
3640 5059
5470 3398
4425 2814
5785 1451
5316 4205
3943 4537
8945 415
58 6511
8517 3827
162 3319
292 8456
7217 5138
9817 6414
5861 8016
5760 5310
1832 9604
1037 2246
3744 8898
7773 4033
8596 6918
4549 3658
4166 6856
5377 2143
9474 552
1955 9654
9295 476
1638 7354
5399 248
4074 3026
2650 8626
888 2297
3112 4941
6741 9474
3345 130
9176 9939
3488 4898
183 5872
770 1494
7869 2803
2968 4206
5791 455
7476 5755
6481 585
9638 397
9031 6628
4533 1193
3660 2751
5659 3720
1984 6375
9877 7051
8658 5700
7711 1491
3837 2346
4394 3077
2116 6138
1275 869
9273 9860
1442 8032
2440 6122
7538 156
4757 4322
2475 5742
9720 2333
9803 5111
7951 3029
6556 3096
3967 3136
1394 9088
6279 3252
3229 9334
9919 713
4457 1712
4460 1881
6883 489
630 2190
2964 9895
5488 6260
3591 3279
6155 2154
320 2158
1257 174
5149 1260
1631 1452
9113 9320
6657 4405
6347 3241
5953 8422
1463 4208
3911 8241
511 449
1733 3038
3265 2970
4673 4073
9911 8982
624 8948
3160 9568
3622 9532
9253 6944
6635 8705
5713 6213
5177 2612
9514 5359
7682 905
5819 9107
5299 2152
9302 4225
2919 194
4918 8170
6463 6143
6904 311
5676 3777
2907 3304
4995 7765
6709 4856
4889 526
7512 9398
3438 893
3847 2547
457 1126
3388 441
337 3373
7467 1944
7025 6409
7542 7342
354 9718
2360 7275
9520 5156
3876 1574
8150 9201
5905 8420
8689 5200
9347 148
7321 415
3302 8327
2805 1610
423 7196
1528 9902
128 6215
395 6083
3026 2582
1346 3844
4556 2341
889 3497
3894 472
5238 9235
9930 1924
5297 2963
1808 5062
3330 9767
7383 8791
1618 4345
5626 2703
1848 7603
7314 8665
8105 2414
1198 8477
7297 3699
9904 5587
1126 6710
9647 1151
8495 4149
6132 2611
8604 2128
2495 1113
5928 8109
1166 4163
6068 137
4410 3596
3530 3313
5413 1386
6330 8816
8335 4846
8853 1109
5041 4494
2361 1949
4588 4053
3250 5148
5255 2476
3627 7292
3930 7579
226 8113
712 7883
9217 9094
6490 4708
3578 7580
6017 4007
4524 4832
6782 7771
9969 4527
4905 9562
8670 7621
7724 3045
1337 8141
8567 1634
3679 3662
7095 3871
6516 7564
1291 9426
9164 5649
7156 3158
8663 2432
5345 4927
2624 3539
6939 7375
7288 3842
4030 985
3632 6877
673 4379
8456 1916
809 2985
7540 3726
3051 1390
8532 1002
6890 8692
5293 227
8061 4975
6758 2334
8352 9410
2840 9977
48 9958
2930 8220
6589 3222
7918 7419
3895 2745
3499 77
3435 4159
7320 8972
3732 8413
6598 2388
3511 3970
6662 1873
8455 4330
4151 8559
8778 578
9652 6798
8195 7915
5362 4351
2753 4502
1902 3921
5301 3654
5695 2444
1417 5689
3524 4050
2626 4773
4851 6918
2862 798
7434 1277
3276 487
843 7390
9655 1237
2708 8336
8343 1896
6754 4435
1474 7303
264 2260
1173 408
5748 7748
9726 6321
1140 6864
9643 3309
8738 1563
5290 9151
9613 4825
6863 4459
8354 6130
303 5499
7787 1367
7030 3188
5306 4480
5926 1030
8486 53
4343 3049
2003 7267
5388 7577
1987 5708
7786 1180
7959 3310
3548 8179
1114 4634
4438 6864
9162 4859
8903 4759
8797 7461
3251 3901
5331 5329
2642 4111
5593 3582
68 2991
8275 3513
86 6992
4463 7492
7599 4426
4292 2496
4276 8532
7359 8199
8888 9252
3552 4749
3964 7549
6677 9593
1477 7108
5965 1469
3633 8006
3199 2549
2093 630
5338 7150
2201 6949
7415 506
40 4049
8414 2831
5757 2241
922 8512
1663 7912
3096 6764
8841 3790
3100 3671
4611 5100
2233 5543
285 1952
3282 2383
