512
7261 22158
7129 79391
1243 80461
78342 96562
63458 89099
17955 9405
37745 66912
97595 91669
24600 90729
59734 39671
75342 71181
4698 35344
90052 56028
2616 430
11842 37597
61444 96678
25262 41729
79793 49402
8735 21161
15154 79442
75971 79664
6814 52776
52851 13261
85903 19480
23455 82531
69647 44012
93480 14820
25304 36160
47317 98192
72857 56917
7877 97983
79665 83395
17875 27227
86839 22505
55392 51799
57255 52183
56131 95936
40566 38529
5472 37971
72609 12099
87024 25011
4110 95294
92887 25757
52540 12653
21792 25259
69459 16777
87428 90120
56749 93609
89181 65210
22212 31191
54624 55728
26477 40477
88311 92723
67936 39257
59520 930
28013 37573
50439 63899
65110 13500
56375 67810
74200 17790
5741 43050
95279 89159
98969 90366
51903 51174
65406 74656
34459 25955
97521 17939
12722 52658
35780 78365
98520 30407
2319 93870
24841 88976
52679 95024
53795 88157
49002 88154
44779 83774
97988 8259
92202 31913
22995 58926
17091 86449
39690 3906
61277 28134
48309 47112
70578 60852
27869 97167
13056 46034
11910 67242
15831 91655
55063 77949
55042 14807
92905 73047
90215 51293
5618 99535
24078 67352
35222 52571
68957 67473
82330 28236
83451 97793
77883 85592
21851 96076
97442 16944
54930 79270
78047 85268
54884 67829
1657 312
35008 65044
21828 21700
60377 91282
5645 57648
36993 6479
95473 59537
92443 15063
40297 85863
1274 86569
11924 14149
60486 36750
90141 11255
16508 73803
14323 98954
86599 54837
86876 17530
84154 86506
51546 68948
29180 2178
30396 313
69939 52926
58557 29332
78984 94945
87276 23804
9120 85978
97676 47587
19405 19263
53132 48342
21437 912
71243 12071
47548 93875
65575 26588
22299 92906
81775 90518
55495 72782
26489 2615
82871 21384
94624 97926
24186 40450
87713 64265
50920 30891
15181 39727
81643 88640
71406 23189
66296 84743
31351 91698
53122 94499
47678 23041
82606 44867
71001 19737
11484 3954
65417 63058
19590 58795
12389 79110
23486 54806
34414 24324
7635 35520
53818 64363
14729 72441
45844 85903
43536 81980
97676 15332
92574 18375
38932 52215
33741 56567
63057 53024
1038 8457
82531 45352
4541 79732
41863 94282
38333 82508
38881 5620
18750 87867
95591 51997
30491 86668
81235 39944
58017 15438
76795 73135
62975 18788
20312 43824
62558 41682
87357 10426
53638 45301
59563 49921
15217 16400
45130 10431
27077 5859
99415 25091
95999 66682
30300 83276
68209 90606
98520 81858
46106 82864
84701 24294
80888 99264
10719 1270
25887 85838
96170 64513
67835 84219
28114 94121
784 45842
22525 99717
33087 20937
11296 76107
74681 7829
18594 46424
52444 37302
70980 20180
3745 19141
87026 48405
75402 37244
88869 7825
20591 46168
15836 44986
60250 48009
51019 35863
18990 55242
33106 40066
37750 53344
37671 89528
7842 93122
52086 88315
29311 90037
53408 91746
73521 17696
31404 95283
738 95955
82228 91529
63543 68650
68549 92192
71464 49916
52856 5487
62257 77259
96019 59729
24964 29737
99510 43996
89060 12018
79608 51131
25281 40298
20689 62526
60408 86582
94413 47777
81879 3811
43091 32070
54106 3580
41048 2454
32682 47812
1050 32830
76366 21240
23720 17520
38582 85839
55099 38205
21688 12843
17892 88303
56273 90321
39152 36436
67464 82213
80045 44618
7707 27921
82276 4913
24936 23442
49426 99506
41238 38873
78086 64038
75842 52380
8536 14913
85974 19739
92327 92270
13087 43616
34891 46092
45961 83044
80897 1863
77753 53334
21158 71368
84726 3240
98430 57628
74074 47313
22642 3189
85126 67392
13357 70527
73888 46047
72092 8060
94725 54297
27099 75491
62250 69098
84200 68482
24416 52511
9041 22899
24822 74519
69869 50951
92605 97958
44440 70485
36229 13337
19612 16289
79825 88844
37827 9028
84856 60964
88318 96526
65630 64173
31824 35773
2056 90778
16959 65976
25452 75996
66035 7940
90623 73506
1697 66040
39605 69163
18323 95858
5658 37799
77048 72597
20784 81656
4268 50604
59982 35787
20181 70898
47347 2450
77600 79168
91627 1118
13153 67647
40151 52587
37369 2362
82032 92482
22188 62699
45592 73895
72017 19192
44967 34085
61203 92318
40220 92247
30787 91155
1201 25187
61754 83781
65302 38908
36139 33237
98674 13744
2557 74951
2429 73903
53362 44730
37922 29045
81680 60876
54305 79984
4444 9765
58771 23414
36949 18850
59085 92165
52216 4590
95617 3792
80111 74300
18955 56611
20457 79839
10196 14491
98221 67439
90960 20966
55806 54175
4447 71607
48617 12171
55507 42121
76374 746
96566 51249
86932 32605
97012 96314
96324 3481
96353 77930
42521 67201
15061 62055
13080 56630
9584 22575
18233 34076
50971 66366
79497 45651
17554 7035
17223 11462
74566 31351
14762 12278
37031 90631
29887 60356
22038 37841
49261 38467
54681 48338
43572 31540
81791 19812
32798 90255
75669 58292
6885 58485
13904 5440
99572 85645
62887 23359
86568 77180
85223 53927
93777 87311
83084 65837
84685 51030
11080 99783
45337 80221
67326 10947
58435 57780
22517 20395
44259 19766
95732 88335
36731 7257
66245 19158
68665 68909
47041 91005
9662 51523
50979 53383
59460 2455
34287 67523
67238 4740
92680 37158
29260 85043
89338 89288
26587 71647
240 16575
66659 8817
86829 43343
29175 30556
32636 33439
65380 11806
17519 33115
66660 86459
3307 73628
28444 27992
4878 45654
60254 95954
13547 44048
51975 72992
99532 19309
93024 22083
48517 20472
57765 74194
53504 47695
25166 76875
26347 51569
8488 30482
40332 66284
34332 94935
19018 93074
78105 31442
41126 82705
69430 51372
26747 28124
26551 9994
195 88855
70229 47342
54431 53535
61589 42933
20426 4271
67808 67961
17545 42770
1596 64395
85061 1554
58137 73903
30922 92708
54800 98054
83346 7074
6106 46993
4662 99465
11333 73305
25068 42963
57807 39279
6078 98851
14332 95759
1602 54291
62703 12249
53581 80637
71950 3717
22887 92613
46264 78638
55100 85297
76234 44300
9752 6182
96177 99451
92719 27363
73702 72180
29790 88011
89707 89580
50669 26018
10516 37152
70090 7530
92298 4809
20652 49709
9845 43559
54162 65151
45669 79946
99947 20836
81255 13054
84062 98211
89136 30737
11099 6025
7286 46670
32781 63246
82346 52289
45796 91297
83413 32027
53262 8237
24401 75768
27596 46899
21998 23957
24021 87448
91961 89879
47171 44165
33472 46600
27068 82857
90941 95955
60783 31603
65658 8720
66922 29575
45602 36464
81350 24092
