512
84046 34762
74295 85748
83279 68085
32282 84084
4917 37665
35141 96663
43642 22692
22581 77955
24069 77276
66029 87043
85306 53052
3772 69619
90162 22831
76958 48934
51708 7065
10339 31040
39592 63433
16600 23291
11225 56580
94657 86178
23993 22832
43965 33091
59300 71628
97227 66999
28888 87610
82591 41925
61783 97876
12689 73520
5103 17521
184 29047
54444 74607
62757 85503
58820 24488
18302 69515
64867 34973
3323 19535
92733 61737
14533 73331
77779 91053
49422 36089
96719 309
744 2979
48939 84067
32489 73735
96887 97607
75453 27803
34440 52205
28340 58146
78083 39489
74665 28027
1922 55555
82292 53722
7675 98831
55962 2192
72932 85863
51684 79443
90094 27237
30209 88682
45545 34658
27784 42079
62924 88128
52863 78985
49295 1927
88594 58393
45067 40808
77325 58073
83726 18679
40505 6548
58753 11344
34303 26831
65653 55750
4445 27900
90063 9629
47423 29533
93235 83598
72129 45521
62145 85180
70789 91104
61315 76321
66083 7223
91152 61439
2738 83911
62575 65767
32596 28131
54283 2442
33067 22232
22872 18964
95195 56846
67641 57969
22903 90275
30635 57943
46260 28395
62776 42086
23883 82841
64106 40629
34779 26462
49914 53680
71701 46984
63486 50071
62970 4259
23595 13543
86106 13662
38684 32712
35620 22006
7024 82059
24379 81926
50226 9053
56055 73005
298 93074
58850 612
97212 76767
32868 54769
66651 78870
99543 64676
67735 51314
25951 19039
32116 75226
69810 24225
60539 69502
46351 11797
57531 96256
57386 29951
52406 88775
82835 87419
97481 84881
45042 68067
19141 49349
71305 10438
66874 82157
1157 72943
41538 85093
8249 4299
77943 99956
47757 95720
71061 172
38098 89674
53042 44098
27599 82291
74735 73884
33803 83013
82439 51045
30629 22283
38299 14521
3628 32112
8824 9121
3251 28463
53269 24844
30514 75257
65800 40423
33553 46508
25978 86086
47431 9438
98010 40549
1170 77239
41508 46593
10128 84483
96110 60129
16522 27453
86247 40354
21363 94343
31464 34061
39924 10800
75641 56544
22858 8289
64481 90035
14000 16831
7939 45262
45552 80543
39934 68523
10819 72914
7568 64687
28427 27897
40800 39138
80255 34761
68730 68173
35857 46844
23618 74079
56254 28036
72694 49428
34171 62583
50101 47643
30321 96760
16594 25969
91122 60444
16137 59668
75210 8469
21414 26942
78564 5995
30479 17974
56378 76081
86653 4111
38394 48261
24842 46975
95929 90305
84889 32480
57398 61968
15764 70778
90074 73376
5679 85586
40741 38747
20762 68117
13794 20379
78758 54654
39229 87787
85344 4872
85393 84253
12949 7294
16298 91968
83616 17657
65314 52004
66972 73244
51725 92448
64960 76028
6562 58949
81843 44249
18269 63364
43998 3075
4087 43723
14024 38901
29496 40765
57568 75479
97829 33396
66502 19958
8061 36245
34268 34291
80096 70325
98073 54133
34819 21475
79237 38082
99337 69838
64943 5532
44128 53311
66158 53611
86186 14953
8688 98507
57418 80686
92303 39378
78760 67468
59747 54281
10501 80072
39625 74950
28820 225
40395 82500
24128 70191
23473 96225
9924 2841
52273 39334
1336 4664
55199 38019
39343 31257
34942 87396
4527 18195
25839 27732
4162 3956
41767 99672
88263 3930
55720 69001
37759 45754
60191 78417
24929 55428
91897 53762
59177 58497
5093 21121
4642 34019
51800 14179
18779 10053
75308 75497
93511 64113
27341 99586
86402 47097
807 43737
65111 77557
8333 58781
37387 39047
38382 43368
67230 27640
14267 88482
82833 63997
16388 93681
62569 60681
54628 66519
47671 71444
95508 60127
37885 28979
68657 50703
20953 79144
95970 46685
96383 43205
22475 80582
14100 1005
32667 7378
79275 86986
20424 5904
11372 29081
82878 80437
55185 35389
98669 25936
52144 59512
36335 55747
95791 56590
27224 37884
10190 90108
75370 26723
67066 97589
64717 35508
6685 28049
45276 68696
58547 65905
46825 44133
86695 68357
19491 88725
44020 88066
15339 56956
82898 87239
8794 39170
12039 39521
7716 17671
27844 50083
58767 6628
36042 6063
74848 20361
38498 65804
5119 32362
5133 85503
30060 61571
24743 83792
96198 19786
70170 50855
49565 93647
57004 66689
93275 66772
59494 50435
18239 77303
82774 22240
65301 80085
48137 21910
41043 29487
16733 56494
23006 54033
58970 37657
48491 64772
8571 5314
73622 19359
62295 58220
43397 87190
69614 50906
23 53321
47863 21491
45386 64022
1821 96810
12533 19256
13536 74726
36421 41661
38251 25500
70265 90314
26759 89403
52507 21480
82703 69505
37726 22428
34646 15889
3257 16378
51913 2375
78374 54644
32289 34348
67645 31567
25167 85259
223 25771
8638 33060
6482 21178
22691 22493
70920 37909
22339 33767
74760 58175
43138 62856
53071 60001
43637 15156
55264 84355
59636 13844
56299 51095
50103 59705
46099 99136
90721 40771
553 93240
83696 95658
58216 78921
70187 78455
83197 13910
52898 5556
2480 47483
4113 12339
85140 53580
26202 43481
11418 90201
13052 14739
60544 71522
47602 44929
36436 41365
71643 21457
51638 64101
95665 99235
12601 69052
13758 13361
90327 90907
48107 34323
78731 54886
98500 34229
46858 39070
97441 54165
55051 24588
87820 31880
73774 84957
9283 16344
50776 93174
84095 42862
56393 14065
27391 10110
26582 48691
81179 87599
61487 79744
97289 96960
70498 90545
19596 86611
53074 25248
45802 49184
43534 90248
61716 42441
4192 59838
2369 14524
40056 19364
18672 63480
42776 75477
39400 49561
5594 48304
99821 44062
13060 98968
29875 96138
87937 46303
52158 74659
98003 66181
15663 66460
18915 88492
53029 59239
65767 53083
49558 14392
26420 66822
76713 35413
51727 36543
89273 87618
29727 24109
70334 74631
84578 75945
67287 88112
55884 17189
93285 25317
44114 83636
39916 26722
23240 54521
66386 56749
96330 93378
35228 83379
18905 94074
22757 71975
60641 71985
82319 24209
25830 71055
5959 95781
12905 10203
20088 41917
3617 13321
37212 46449
24544 41583
81670 72615
39294 61674
8584 15955
69476 64140
40376 24884
9287 72909
83006 26248
16721 10258
2033 57722
55796 37744
64829 26012
15864 96259
9403 23692
31970 8133
57162 27654
40325 7166
29904 70823
14138 6454
22492 20502
14570 75573
20370 41267
96611 69152
60325 62939
28126 93719
83109 90117
47538 10050
54001 69366
89444 7730
52881 1159
96160 2802
68064 90504
8250 41013
96141 17540
8516 79681
1516 51274
74656 19057
81583 38607
11419 12461
81387 93228
47925 25433
20008 32538
