512
8318 7255
3732 9074
8763 6792
4650 9432
6653 37
9899 7525
8488 5420
8154 6467
59 719
8337 1385
2389 3374
6816 1878
1631 2532
3965 9429
1145 6894
9214 4038
6642 8948
6232 9742
4153 7062
2854 3942
1771 5833
78 6674
3121 7604
8431 9654
8900 6182
9172 6567
5882 4401
9124 756
262 5954
9557 536
2891 2630
4598 4231
7887 4574
1230 6879
3230 817
2086 8838
2292 1536
990 7786
9710 5274
9712 6654
9430 6924
764 2353
6812 8736
1415 1051
1217 5281
8106 6785
9211 9255
8185 4149
7951 4043
5975 3476
4217 1602
9558 7683
5586 7755
3773 6431
2221 991
7003 2359
2556 2342
5656 6623
7516 4259
5358 6371
2332 2308
7541 5449
9175 4024
6661 990
4298 2201
4192 5846
5257 6134
777 4685
4827 2982
1828 1664
386 1164
5979 3417
4686 4225
4646 1934
7471 7448
3779 1298
4371 3152
1027 4845
1933 5342
2935 977
9504 4055
6394 7095
8433 9313
6813 160
3197 7832
595 6972
2391 9704
8095 3656
9015 1359
4416 9407
925 7399
3127 7203
1454 6867
9136 9565
6383 9800
72 3171
7694 7630
4972 463
6761 5437
7125 4848
7036 9078
8435 9511
8019 5295
435 3231
8285 4405
425 5084
2519 7019
9454 7517
3657 8638
6369 2549
4699 6948
5125 3457
7355 3556
1661 4226
4335 7279
823 8548
1450 1610
9842 8613
9853 678
1548 377
1164 601
7810 8480
3110 4323
4676 7183
253 7578
2438 5151
186 4206
6746 4022
8241 8243
3376 9481
9322 3160
9518 8782
1954 7708
8328 8170
672 7835
562 4621
2925 9491
3511 278
6948 5377
1519 7042
9776 2924
6808 3501
6888 1319
2870 6541
2868 6495
4160 950
2521 2300
2319 8867
1959 5962
9101 7969
9659 3592
115 8395
9284 5622
5673 6527
9902 7972
547 2295
938 3660
3461 8006
1879 1075
7529 623
6854 2059
5116 9315
7967 8748
7094 3039
384 2426
5078 3424
2888 2678
319 5241
1769 219
3115 3499
3533 9473
9870 9015
479 3979
6853 6420
3108 5685
8421 7844
8723 6118
6984 2796
7922 6992
2134 6681
4052 3718
2313 2300
6536 6129
8997 1282
3917 3255
8267 6061
5295 1615
3669 132
2986 2016
357 5117
677 8644
5522 7092
1029 4027
1674 4960
6724 8735
155 4362
7518 4712
7895 1354
232 3253
4204 8420
539 9894
1957 1651
2120 4701
5562 6562
1789 5873
8078 6221
3896 7452
6294 6815
2349 336
3063 4357
1921 3299
7575 5264
7555 9908
9404 6406
4581 7888
8610 6849
2355 989
801 2764
4178 2230
4250 5514
824 4819
4969 291
4250 2737
8156 5262
1782 3195
966 7609
7060 2724
5294 2101
7625 8769
3775 4118
9789 9496
2744 7788
7331 6971
8986 2820
5563 5813
5650 5693
2906 5739
4825 1247
2010 3354
1080 7049
1682 265
740 1511
6052 8430
7735 46
5293 9917
3878 2916
2818 3841
6105 5560
2328 2795
2310 6606
2963 7630
5676 8850
7417 3780
3000 9656
2075 3089
3773 1153
2186 7102
1349 2996
8521 9169
8893 4783
356 8996
5474 7819
3041 2538
3867 8516
8905 2350
7877 1851
1031 8366
2499 9191
7067 7219
742 519
4726 10000
8692 4906
5279 1265
1515 9256
7508 2721
6917 5677
7400 9350
8415 7645
5941 3516
3159 3911
7910 4934
6364 8496
3721 817
5601 6513
2457 6304
6493 2199
3641 1042
2329 5644
1132 2326
6276 9977
6600 7662
6675 7992
8004 361
9165 1557
508 1656
8673 7542
569 5864
674 6555
1215 6801
326 586
4674 4730
6485 8673
899 8002
4586 3974
6804 876
6734 551
7595 9094
5892 2777
4812 7732
2181 4695
7751 9165
8975 248
7470 9964
60 1493
1184 6337
3203 4771
5312 2975
2461 1444
8361 8406
2831 318
9338 7967
6291 1569
4549 3704
1696 4273
1885 8117
4551 653
769 7928
3896 9448
4587 8062
6356 5609
6449 184
1315 7763
1929 9264
9739 8328
2937 2933
5839 9573
6238 634
7795 3481
3757 5859
503 9007
9223 3043
8790 311
3695 5342
5705 4053
8075 6900
6721 2230
3603 6086
4297 2343
3851 8
5894 6523
8961 2066
7604 1747
9356 7565
6313 8541
4470 943
2025 7060
882 9833
4999 3776
2580 2386
9921 5998
9394 7563
5099 3691
9912 131
5283 9292
8637 3017
3623 8233
5245 4415
9253 382
2145 9112
54 9472
9811 4946
4520 8401
4226 1720
2145 7023
8382 2765
8621 2439
5618 4900
4617 2303
6667 4501
5145 5896
6721 6426
5183 9534
8702 6715
9404 7747
7529 2221
2129 1393
1329 9172
3178 1891
4241 5417
6031 9836
5988 9831
2340 6130
7563 6845
9491 3459
4200 4746
5549 3068
9610 5527
7213 6849
8235 2000
9311 2146
8228 1703
7008 44
5756 5265
4654 7472
8107 18
4300 2026
9072 510
836 4813
8299 1898
7881 236
5182 1838
9900 7519
4659 8103
2088 1485
4969 7885
5235 4380
5229 7595
2606 9155
6769 1837
2108 9255
2510 1365
7946 8381
3572 8006
8447 3854
5220 9137
835 9863
7207 5023
6881 2644
276 9054
6559 6405
3012 8267
2274 3211
5374 7480
4057 279
3940 123
6972 3889
1230 8621
5058 521
7010 616
4696 7680
8728 8498
610 5737
1534 4909
3639 5871
1890 7520
3826 2833
5843 8888
7690 8984
3191 8031
9659 1495
9994 618
7706 5764
8264 9935
5582 1634
5787 5146
1836 3534
9251 4546
5786 3404
9712 6200
273 5567
9439 4268
9219 8350
1930 7562
4798 9086
4290 9597
4383 8228
9885 5315
7685 5777
6406 5019
6457 7896
4683 2848
4808 368
4547 20
7718 2755
9888 3737
2771 6863
6401 1332
4999 2619
8900 8817
921 7319
6198 7292
13 4856
9973 5460
4176 3211
9653 6668
2152 987
4346 7212
3353 3752
7787 2471
8569 8850
6972 4980
3387 2381
3504 902
2989 717
1720 4994
2109 8156
8471 8949
9561 2727
4185 2480
8382 4467
739 8928
9307 3474
9396 9436
5263 280
2513 3041
9503 8539
2834 1515
2407 4381
6888 4106
3867 2644
5255 6517
792 8723
