512
7 66
9 85
69 39
87 46
87 94
59 4
35 52
24 87
22 83
96 37
89 3
18 32
88 44
33 18
48 8
100 62
29 57
24 79
69 88
106 54
67 96
108 14
16 102
66 45
37 14
105 56
30 109
38 64
43 26
9 63
87 4
64 40
36 82
20 17
33 63
42 50
69 58
38 55
77 10
56 84
39 58
104 97
65 34
67 83
59 102
99 2
81 59
15 51
8 67
63 65
55 51
77 63
19 49
70 47
56 94
96 94
10 80
79 67
98 19
28 76
68 83
51 102
1 15
25 72
69 19
96 33
68 109
11 10
48 86
90 33
85 109
2 78
95 59
108 1
97 33
8 91
63 73
43 37
66 17
75 28
53 100
59 68
107 70
9 81
67 57
1 24
4 69
42 18
11 44
77 34
31 15
74 31
42 4
17 18
76 50
62 105
58 47
27 77
83 59
15 89
21 17
88 39
78 2
88 97
87 109
58 67
48 71
43 99
16 71
99 91
47 76
92 13
39 38
87 94
49 11
1 67
5 23
46 50
106 56
6 87
9 107
2 70
98 101
21 16
15 100
23 44
2 47
41 85
10 52
64 94
43 36
74 51
3 11
106 94
64 53
101 1
70 14
8 23
1 16
17 50
22 79
56 10
85 78
42 34
43 86
60 64
102 60
109 93
93 86
61 15
32 70
17 15
47 61
74 101
79 64
30 41
58 64
82 108
93 2
49 77
98 16
53 17
71 27
44 57
11 77
58 101
62 21
80 5
74 68
24 3
87 51
57 102
2 37
62 50
53 17
45 82
89 51
44 54
107 87
94 52
85 80
69 70
72 20
25 103
15 107
28 57
5 3
63 10
96 16
76 102
53 9
64 89
55 34
28 32
74 37
25 81
94 44
4 9
16 25
40 58
103 1
97 26
84 57
34 90
63 70
100 105
38 18
1 47
79 73
80 11
2 3
101 109
2 81
65 107
56 31
3 21
100 104
19 92
31 102
108 86
28 65
44 7
46 106
9 71
53 87
80 8
4 4
68 20
67 28
52 14
79 29
73 61
72 34
63 102
83 12
51 4
54 38
106 55
109 3
96 91
104 73
62 87
49 27
57 92
34 67
57 68
20 11
18 8
52 69
105 8
13 96
84 44
69 87
56 17
61 31
101 95
20 73
30 67
29 4
99 103
55 45
89 23
16 105
90 41
69 97
26 14
69 13
94 85
63 98
37 14
67 88
43 103
107 40
57 32
79 88
75 81
109 90
11 2
57 104
101 37
83 37
67 36
105 80
12 67
72 95
17 90
74 99
49 102
42 43
104 49
103 10
77 26
53 61
58 33
90 100
9 19
12 58
36 39
49 20
88 42
2 7
71 108
15 29
79 30
108 101
45 63
63 76
14 21
86 30
22 6
82 45
89 48
29 82
92 67
41 34
62 101
13 34
15 46
72 44
9 76
63 105
55 64
66 62
8 71
52 50
76 109
70 57
79 96
9 99
20 90
65 92
31 15
104 87
21 23
52 73
55 26
7 105
87 1
97 45
79 19
27 44
25 69
22 39
28 90
55 87
31 8
30 52
39 43
72 93
89 63
43 28
43 16
46 31
31 63
33 90
59 60
40 98
54 28
100 105
23 105
33 32
71 63
12 59
76 88
79 61
50 86
47 18
66 26
99 86
43 84
23 3
48 63
19 68
101 88
70 65
80 99
57 33
52 107
51 78
37 97
3 104
21 73
109 86
17 7
63 33
39 108
9 63
64 15
9 90
5 48
97 90
16 31
64 17
63 106
55 59
57 106
96 21
101 32
59 73
109 3
48 102
96 8
37 26
79 65
54 16
62 45
44 16
70 52
53 36
4 92
59 72
39 25
52 44
44 80
92 12
70 55
63 47
10 11
71 29
20 100
102 51
84 59
1 31
87 38
57 61
33 89
55 104
104 100
72 101
4 13
21 38
76 3
14 45
80 76
7 26
105 20
94 107
106 14
87 108
45 105
39 96
78 46
42 44
52 10
78 21
63 93
44 90
100 80
28 95
48 49
81 99
11 81
29 75
108 83
68 74
60 14
67 102
30 70
58 86
10 45
54 95
34 6
29 44
49 58
26 25
103 105
74 10
101 87
14 88
5 57
91 50
67 88
101 30
1 77
65 29
42 101
102 99
85 97
94 50
84 53
13 65
22 80
38 52
51 48
100 45
63 49
91 38
20 90
33 74
101 109
107 24
97 56
70 59
76 32
16 2
35 37
82 29
4 108
21 90
47 106
22 18
90 55
10 35
81 107
14 48
25 92
25 105
102 35
11 67
32 6
22 5
55 34
