512
90 16
106 48
79 100
38 29
62 68
87 1
68 13
109 91
48 101
74 36
69 69
80 41
33 93
75 45
5 56
100 91
90 82
104 87
90 49
13 60
91 19
4 32
5 21
52 25
44 19
41 73
88 4
65 88
26 48
94 50
104 103
22 96
90 106
34 64
102 1
3 90
93 74
35 67
62 73
98 24
43 83
30 62
21 23
15 41
58 109
52 95
8 86
43 92
51 107
53 109
7 53
83 30
86 9
17 25
65 109
92 27
108 98
103 41
55 35
84 45
63 2
29 57
15 3
79 79
16 92
108 80
90 25
32 28
77 39
37 38
19 50
13 66
89 89
42 28
60 97
93 52
58 29
75 3
31 41
28 85
108 49
109 21
96 35
35 30
53 107
102 24
69 22
108 88
20 51
23 43
33 40
61 21
88 38
8 31
88 4
70 57
64 108
6 42
33 3
62 45
5 8
108 79
104 81
82 36
59 43
95 78
13 72
42 64
78 102
5 91
109 91
65 87
11 22
3 106
72 31
32 107
34 101
101 29
100 77
52 74
55 59
83 24
48 68
57 57
52 84
31 93
67 9
10 87
31 97
101 106
12 12
77 68
63 36
53 23
88 89
52 93
72 68
74 45
3 53
5 30
4 61
15 56
12 43
24 4
28 36
74 22
42 49
40 19
3 51
17 66
27 102
8 106
85 16
30 44
29 81
36 7
86 94
79 41
19 12
98 53
42 41
6 17
47 84
37 17
87 36
72 79
46 30
89 93
86 103
96 47
70 83
45 67
9 87
13 58
9 36
28 105
74 27
78 74
12 65
94 91
71 70
66 77
39 33
24 106
75 65
35 55
19 23
83 25
27 79
52 59
56 21
40 106
53 23
33 43
59 66
28 67
2 92
91 104
13 75
55 45
64 49
91 40
8 105
66 16
87 88
7 82
56 76
81 44
17 75
4 89
72 93
95 85
23 34
68 30
76 103
31 7
81 62
105 70
76 79
69 65
56 108
46 22
84 21
38 60
81 57
36 85
67 12
27 4
95 109
92 28
23 84
83 88
10 76
92 81
29 20
104 11
63 53
22 61
42 71
33 36
31 22
67 103
9 43
32 47
81 49
79 25
47 47
73 10
100 10
17 30
10 44
77 101
42 97
57 53
65 28
45 44
42 43
101 11
83 45
9 46
84 4
72 7
1 79
65 104
24 105
47 1
74 26
83 106
33 38
81 46
91 11
24 96
100 42
37 54
36 108
90 56
34 61
57 89
66 69
67 62
100 13
9 40
45 61
19 10
84 31
106 18
74 67
31 58
33 8
20 89
7 64
68 107
56 14
106 33
83 48
8 70
84 39
60 22
52 58
58 41
4 89
99 91
55 6
1 19
108 78
59 56
68 14
2 105
49 48
104 66
4 18
70 52
78 19
74 29
22 94
96 24
32 75
20 83
99 59
20 23
78 68
96 52
83 88
31 93
2 19
46 88
23 90
8 22
23 13
14 10
61 45
104 63
40 106
106 67
31 108
77 99
98 91
53 65
21 5
11 78
31 61
52 72
60 34
97 29
2 57
89 41
95 15
74 8
50 53
26 56
20 97
36 45
67 107
10 75
1 21
26 29
70 39
103 10
82 77
95 90
49 3
108 54
38 104
72 7
104 66
72 23
81 62
91 92
40 97
10 80
53 28
38 29
10 73
61 26
46 21
100 56
28 2
24 108
91 56
9 54
3 96
48 96
33 85
70 72
26 65
72 103
23 76
55 73
29 1
12 107
45 6
103 71
60 31
76 63
38 1
8 23
71 108
105 55
56 100
52 17
71 41
102 66
15 35
80 103
30 39
93 37
80 55
56 98
63 61
90 24
95 101
64 46
54 35
70 87
16 18
76 61
43 70
95 83
95 40
27 65
54 63
59 39
58 45
65 25
89 60
16 55
20 84
93 76
93 83
18 71
104 93
61 96
17 18
15 84
73 71
67 93
8 7
91 25
75 17
88 65
96 49
101 58
75 78
83 105
66 56
19 63
88 7
21 83
66 24
38 11
19 98
34 44
17 91
50 22
31 38
90 21
8 95
103 50
59 87
73 102
103 16
79 53
109 57
78 8
40 15
64 67
92 96
42 11
41 83
93 93
62 13
16 1
94 107
70 89
102 55
52 42
10 98
70 83
83 86
13 66
14 106
94 32
16 21
109 73
59 104
67 81
68 96
33 105
101 77
92 88
43 26
40 61
15 60
64 85
44 34
18 101
2 70
56 36
66 58
102 101
30 56
56 69
66 69
32 87
35 77
63 101
2 96
68 35
36 75
26 91
24 16
106 61
