512
8836 8363
5467 4239
6432 7012
3409 6510
7417 9485
1733 8591
601 4460
1061 6711
5788 3436
2864 7861
7439 4292
3352 9574
4215 4097
2271 5078
5459 4559
1158 7728
6716 4700
4712 6028
2503 3921
7467 5518
9778 6985
5747 1902
8866 4468
2811 9902
2350 174
375 3230
9914 9394
7441 9978
7326 2580
5011 7540
824 7286
3388 7850
4242 995
2566 1404
3855 1817
933 5892
4114 8319
8638 5602
938 3425
4984 1857
2457 1009
6103 4688
2369 7466
1697 6740
9452 660
8700 6088
3791 4140
6921 2160
2103 3746
5392 4563
6021 6241
7500 9186
1982 6977
1576 613
239 1538
1753 1126
7374 5361
5515 5069
6953 7750
8739 5769
7584 9073
6480 3751
995 6464
1091 3367
8615 5413
3215 8293
3802 2408
4701 9850
5244 1898
6377 4897
5341 3794
3611 9526
5654 1081
3952 5382
4105 5305
7066 1106
920 1574
7445 9923
7252 346
586 1933
4572 3576
1209 9246
5160 6750
7341 5095
1416 9405
6841 7837
9125 2343
9953 560
7111 2193
1948 7517
5581 7336
4347 9289
4150 8453
7875 283
7678 8773
8234 3858
2552 8382
2892 5139
3260 7311
7398 9605
4804 8262
8197 2675
4901 8483
7072 8481
7163 6907
7426 8397
658 4655
8093 2664
6742 2033
7455 450
5772 4540
2114 227
9035 635
566 6915
8606 4686
8434 3989
8834 6656
9031 5591
1481 5031
1088 5098
8164 2373
7437 4735
4489 9630
1078 6042
8617 6586
337 7851
1694 1628
3505 4410
1522 7403
9421 8295
2866 6779
4496 3586
3613 999
784 8810
5503 6070
4380 7010
450 7263
7944 1278
347 6075
7968 6532
4615 6436
4956 3608
689 4865
4499 9010
2699 5938
5486 4995
4411 2921
1343 5020
3257 7254
5636 368
7336 958
2777 6803
6941 8889
9516 4130
975 9714
9895 5489
2620 4337
8250 6871
1809 5115
5341 6831
1794 9252
1557 1094
8016 5292
7961 613
1688 6176
8383 8880
6093 1361
6672 2335
3373 2146
8602 4025
2700 3987
3745 4317
8984 7057
7010 5554
2776 9770
7576 3904
7190 4994
6415 248
9427 7749
2638 3628
6061 1474
5032 5320
6203 9250
3073 7705
4489 1723
6311 7991
4946 4182
2384 6891
6404 6128
2969 1139
3503 147
5456 9672
1148 7615
5360 7640
736 3429
8857 9966
3269 3476
187 4588
2349 2800
6567 1489
6362 9054
1868 1427
2763 6253
8728 6298
838 3254
5753 1153
7662 9992
8750 1814
4867 6487
6153 6991
4683 9578
4677 236
6212 3248
1202 8383
6439 8856
893 4124
4093 3259
2861 6716
7244 2353
4491 7213
3106 9984
4221 8566
9468 1848
8545 4690
9216 906
8412 5047
4986 4421
5522 7847
349 7644
4697 121
6548 5866
9074 9325
5254 8126
7336 7160
5631 6232
6395 8582
5488 494
8499 1720
5314 2497
1969 600
1968 9056
9356 1981
8967 5740
9054 9165
1599 302
245 1870
5608 5610
6153 6583
8620 3745
7543 3352
4367 2572
3435 92
8888 4348
3637 5506
2622 8614
4900 2145
4442 3782
2581 6873
4961 9133
803 1949
557 9934
5957 1546
1610 627
6536 7925
9426 8986
5245 1675
5986 5389
7817 3848
2472 1750
9824 5468
8350 837
6463 1886
745 5409
8975 1539
4679 1174
9755 5878
4541 4700
6866 3338
2014 3224
8083 7076
2241 6043
7591 3074
7292 4733
1871 3732
1955 3576
2683 203
7477 9659
726 8342
4174 3132
1034 6872
1238 1147
9030 4689
5514 841
4509 6080
7475 8654
7813 7902
4725 5746
1426 2362
2160 3873
2256 3579
6340 8476
9360 7846
9304 2720
3962 9037
3525 4717
8516 8491
4829 5837
3707 1632
4422 3133
5795 5441
7320 390
3008 9150
1741 7216
2077 6923
6355 1985
1223 1792
5773 1784
3984 7971
4835 5965
1955 2890
4397 4548
8259 5327
3805 2882
8640 1377
4750 6106
7343 3929
7660 431
791 1955
6672 9506
2851 2069
1665 3698
3039 5396
7300 337
9726 6585
3716 5327
8220 635
830 6424
1708 7046
7619 7831
8952 5359
6874 6228
6362 8217
9085 1920
9308 1383
3598 9289
7791 4152
2671 8204
3868 2075
9418 9618
26 4087
5096 5691
4377 9741
4993 7745
3213 5549
7091 5207
2071 9398
5572 3690
9983 2682
6000 5857
8217 8474
5536 2675
616 9185
2102 6076
1493 7904
3490 2273
4529 8418
8449 2902
7589 6052
1440 2882
2122 1024
5673 6227
1412 4931
9613 8904
1212 3966
5613 9351
6091 6417
4475 4061
795 8442
298 2651
1565 9429
5667 2798
9976 13
2963 4478
1279 3247
1311 6820
4301 2699
7302 7718
8079 2652
9364 1534
6239 6123
4251 2095
3445 1738
1869 1502
8803 286
2227 2298
389 3089
6737 7400
5333 7641
4619 8502
7073 7604
3842 1548
3379 2836
9756 8801
5620 5322
9197 6865
5490 504
7036 6325
9494 4754
6330 2990
262 8484
4045 9545
8822 3993
8252 3095
5923 3158
3788 9265
4376 8958
7078 7385
4912 2766
8455 3919
4111 6306
7870 1669
4681 3793
9635 2327
3832 1540
241 3810
3555 4716
864 627
604 7884
320 4999
2871 7156
8133 7523
2186 7166
9855 6385
9815 4193
4614 5222
9166 3539
1616 2532
4185 1706
5828 4871
2044 5143
5690 7043
4494 9973
5327 2394
1066 3813
445 3207
2974 4885
4235 1643
7036 7010
1911 5619
7424 4623
6807 6004
7999 5978
6158 8201
6959 3815
1684 3085
5506 7449
6475 6961
9951 7763
8586 6726
7495 5410
8722 7770
4791 4785
3895 2092
7657 5598
9779 247
4274 9093
1523 7062
7489 1039
2320 66
6514 5801
6413 95
5174 7287
1989 6476
6865 1238
927 6160
4589 6719
9980 4477
5878 7687
3705 1350
6793 3957
1078 3146
868 9831
5264 6910
3138 5487
4368 9638
8829 1283
2702 6627
39 3706
3119 4439
875 8891
9481 6026
5081 1223
6679 9031
3228 5037
2685 2833
1426 5373
1952 555
2363 2907
3348 1323
7371 1007
8772 4295
1718 9179
2904 3790
715 6993
5514 6775
6615 7303
5367 4670
6076 9097
3672 3740
8513 8333
5753 2396
1840 3290
