512
39 106
108 51
33 105
48 9
17 44
64 60
24 11
4 93
42 7
43 34
40 69
94 13
36 48
100 19
56 31
68 46
22 73
10 106
10 98
71 17
103 1
79 53
73 38
45 6
38 79
84 25
61 73
27 17
20 99
42 87
43 105
77 103
64 86
89 86
102 86
68 9
105 83
31 5
51 42
93 41
45 89
95 3
87 80
9 89
2 34
104 105
15 42
98 36
33 4
23 96
52 64
31 17
40 72
101 71
22 66
56 71
62 90
14 36
20 27
38 21
57 7
92 84
93 36
100 105
73 2
107 49
88 93
78 37
68 64
15 105
7 64
22 85
12 64
8 43
24 99
85 39
64 102
17 1
60 22
34 65
99 45
37 13
64 39
82 59
105 2
35 87
78 9
28 2
84 77
79 14
66 75
15 53
98 18
102 30
10 71
93 15
81 7
72 92
59 34
24 5
97 38
17 5
78 94
35 14
98 95
88 109
8 8
12 54
91 97
39 32
20 101
39 14
14 62
27 107
79 88
106 72
91 90
99 69
46 75
106 37
21 98
67 17
39 57
94 35
96 79
9 37
36 106
93 87
53 67
45 33
109 44
35 51
25 49
56 94
72 3
60 104
42 20
12 29
22 85
3 96
39 104
42 13
27 11
92 4
87 99
81 20
67 80
34 43
49 94
1 68
28 88
104 46
99 46
4 103
88 12
20 89
85 82
58 80
15 8
5 28
20 95
25 13
31 12
3 36
18 53
51 62
39 30
43 106
17 85
6 24
105 47
82 70
83 45
64 106
40 14
96 106
47 19
85 86
50 85
1 105
108 95
81 22
88 87
11 36
13 30
43 109
24 105
42 83
40 77
55 82
40 44
12 83
86 24
24 63
62 46
80 41
81 93
46 15
104 66
6 55
51 78
33 50
12 82
98 18
47 85
34 78
3 91
74 42
79 44
56 38
72 12
55 97
88 27
90 33
11 71
42 49
89 35
18 7
8 71
32 100
71 72
91 27
87 74
34 105
104 32
9 16
35 13
49 14
30 56
89 57
98 98
73 76
28 106
33 40
72 95
78 47
84 57
71 21
29 46
98 14
29 28
77 7
108 61
5 24
38 10
48 24
109 44
103 26
61 44
8 26
66 39
57 95
104 47
23 51
65 104
100 107
73 93
69 49
80 15
72 31
78 89
21 17
96 48
65 100
8 14
24 48
44 61
56 10
49 24
48 97
61 82
4 80
88 106
71 20
97 3
17 70
8 57
84 97
109 90
86 40
73 87
34 84
56 78
30 54
51 87
30 93
45 44
11 34
85 75
97 48
89 61
3 79
83 32
82 65
50 80
83 97
84 34
95 37
8 59
95 57
30 2
26 48
88 4
98 78
54 98
59 9
108 47
106 53
87 31
25 99
36 35
54 46
24 35
55 10
90 84
60 71
28 102
38 93
68 103
44 101
98 25
52 69
6 83
49 79
83 25
77 44
67 98
32 30
106 50
46 84
70 78
48 86
22 75
88 18
51 29
45 104
103 11
61 91
2 39
94 72
22 37
3 36
57 103
94 18
20 79
17 97
51 81
49 23
59 62
43 52
83 37
59 45
94 52
86 92
82 44
35 20
9 60
99 81
95 35
3 100
57 56
53 31
23 97
109 92
102 1
97 76
26 69
19 26
44 32
99 47
76 95
69 96
55 57
57 40
52 1
83 12
8 98
1 40
70 66
67 36
49 43
101 82
1 54
61 96
88 106
98 82
28 66
97 94
27 26
84 68
64 82
80 21
54 48
94 51
38 17
42 22
80 104
66 100
15 96
88 56
62 31
20 105
7 13
87 94
44 106
37 70
105 43
89 46
22 87
24 103
108 83
9 33
39 35
81 102
50 2
72 75
107 68
106 98
38 33
25 56
89 30
84 93
20 108
38 32
78 105
101 19
56 26
93 10
84 104
42 3
107 105
47 47
28 75
75 82
21 21
81 14
34 64
16 64
104 38
106 45
11 70
64 25
39 85
84 98
14 52
53 35
21 72
54 15
59 45
82 17
87 38
30 91
94 82
90 16
29 1
15 92
41 32
53 67
94 58
36 1
55 4
90 104
12 58
44 61
71 98
108 55
80 52
14 82
64 58
56 88
38 79
8 89
8 16
10 15
55 13
108 70
6 25
17 48
77 44
82 95
80 73
10 93
48 12
44 51
67 93
47 69
50 25
8 62
94 98
12 30
12 16
108 93
14 78
16 46
5 65
89 48
64 59
29 42
31 41
30 71
15 55
18 4
33 53
47 29
57 60
33 68
96 40
72 3
79 47
29 102
88 9
49 2
