512
2 61
57 16
54 65
57 5
72 60
34 70
57 19
56 55
25 36
61 22
96 84
55 91
10 55
94 8
17 84
7 90
59 9
12 82
66 63
96 39
98 13
40 37
18 61
49 58
13 1
75 44
11 12
14 39
98 55
27 64
4 68
92 3
62 46
94 64
76 26
80 29
75 41
90 70
2 5
73 82
83 7
70 95
57 32
19 78
64 98
51 19
19 14
26 78
29 75
97 59
25 74
42 91
75 81
75 62
18 67
95 58
48 23
41 46
87 48
7 77
20 52
50 48
12 43
39 58
34 21
65 16
51 33
95 64
43 16
50 74
27 52
89 48
61 98
5 80
85 89
67 41
33 56
47 92
79 47
69 73
77 60
15 62
54 83
3 17
67 88
10 19
88 90
11 39
22 71
42 65
34 99
21 42
49 86
6 20
23 62
35 75
14 27
23 30
10 33
58 12
91 1
85 60
97 11
86 67
13 41
31 25
65 81
67 41
1 16
12 61
45 89
81 46
12 49
86 53
26 26
14 22
92 11
89 48
53 6
36 84
43 70
53 94
53 22
90 89
85 70
94 45
45 31
16 14
82 61
94 90
6 54
83 20
56 41
18 56
82 61
88 30
10 71
41 48
93 73
35 41
6 81
21 63
49 87
47 61
48 89
11 82
30 22
62 28
15 57
13 49
82 75
2 24
64 41
2 72
5 73
54 78
40 63
70 8
46 71
29 47
4 83
45 94
65 70
17 69
78 82
2 14
59 98
59 15
57 26
96 46
56 44
77 58
30 81
80 66
84 55
68 94
1 72
16 48
12 59
31 94
27 7
53 73
23 49
26 63
82 98
31 29
93 53
26 97
36 13
58 44
70 46
55 68
3 27
58 33
29 38
72 74
74 1
67 69
91 21
91 54
13 23
98 27
23 58
51 24
12 59
68 10
45 84
81 18
61 9
88 48
52 52
81 12
91 57
62 56
55 85
20 37
64 3
64 82
19 6
71 63
72 89
27 86
80 34
5 16
45 79
32 10
41 64
37 74
46 54
39 41
54 23
2 80
72 42
11 15
38 65
67 63
96 82
31 12
34 49
20 27
97 20
49 13
81 43
93 86
15 78
98 35
55 45
5 18
7 6
95 9
90 55
62 59
25 98
35 72
14 83
4 77
57 21
19 55
56 4
72 73
25 94
16 75
46 65
91 23
1 43
55 54
47 33
87 89
49 1
4 43
17 81
49 63
93 82
22 23
52 68
82 50
95 90
31 24
48 81
8 84
9 96
38 78
5 19
13 54
62 86
86 36
80 21
7 92
23 79
71 50
10 66
31 63
84 82
80 57
91 88
51 28
85 7
89 49
66 32
49 80
79 63
52 24
41 81
16 99
48 53
92 1
6 18
8 6
62 86
90 51
9 94
40 71
88 14
87 4
24 57
3 38
59 83
58 20
16 93
84 34
37 47
34 20
87 30
39 41
43 10
27 33
63 83
77 58
12 99
10 83
95 5
51 10
13 88
93 49
56 44
81 78
77 65
13 51
75 32
95 82
68 79
61 7
51 96
58 42
19 3
97 98
15 95
39 77
66 93
69 2
43 1
16 3
90 65
25 86
18 37
61 57
3 22
30 58
33 38
83 84
79 38
29 84
49 25
54 75
86 39
51 90
84 92
23 87
76 99
61 10
93 46
48 48
56 8
6 98
77 70
87 68
71 54
2 60
55 33
56 58
10 50
51 41
78 72
7 74
82 48
77 92
61 5
1 79
40 11
23 9
49 90
76 99
46 92
82 59
78 49
25 98
86 42
60 79
73 58
2 30
28 3
74 94
37 47
98 64
6 85
28 42
64 38
5 82
15 22
10 98
75 8
7 42
69 44
12 42
72 33
73 80
89 4
70 39
20 11
25 11
26 46
57 64
48 82
44 73
19 80
58 77
26 76
93 18
59 89
90 71
94 97
16 64
88 35
48 71
53 52
68 74
64 7
50 2
85 82
81 86
77 89
39 36
20 91
56 44
50 3
52 94
84 84
47 71
45 87
10 30
45 98
10 70
1 97
74 98
41 55
10 56
4 31
50 70
71 48
5 12
87 26
47 62
42 62
7 27
79 44
73 7
40 4
60 44
58 2
38 61
86 12
81 62
31 55
83 59
46 38
97 87
4 62
10 66
75 62
88 28
28 79
56 50
61 71
65 26
34 3
56 98
34 3
32 53
82 65
32 79
46 95
69 25
43 38
70 65
97 5
11 89
94 42
54 57
19 36
31 69
88 91
50 32
46 2
90 8
83 27
46 17
36 69
84 58
15 95
75 55
98 67
70 52
