512
5959 1292
5498 548
6602 2481
7778 8274
431 5559
2160 4155
5409 1236
9158 5167
3279 3319
5488 2979
7243 6339
3792 2173
5022 6964
2109 2229
9508 2674
7042 9488
1228 1857
8411 5905
7721 8259
4136 2696
9046 6437
6864 2426
6140 9736
925 9563
7329 6230
9701 8994
7565 9349
1228 3316
6775 3537
3223 3132
1553 3240
1286 2583
2528 3240
5392 8393
6854 5899
8915 3099
2395 1548
9294 5108
8332 4605
701 4241
6701 7379
4117 9315
510 7687
7699 8345
7635 3019
366 1017
9078 9135
6900 9769
5117 5518
6228 8688
7275 1515
1561 603
4002 2871
5858 3368
9421 9686
4174 548
4127 240
6537 7996
8445 8477
7958 6174
1584 5660
9561 5858
6385 5010
841 241
7854 5773
7262 7197
7511 2318
5496 4622
7731 2654
8911 7336
7746 4401
7300 4938
9287 7601
3346 9410
6342 9657
3703 4820
5055 9476
3896 7395
4509 5687
2188 8235
2926 664
4381 681
7934 3506
8189 4770
4305 5699
9007 2380
3179 206
4517 3239
2758 1608
9936 9672
2870 3397
5395 7583
93 7359
7015 5190
9970 6719
4101 8901
3034 201
7052 2260
1889 134
5609 8189
6973 7170
491 8238
3524 9572
6352 9570
5690 3909
7073 600
3798 3152
2115 7945
6798 2262
5347 4233
5620 8121
2805 4276
3812 9131
8689 1028
2852 3136
7079 1180
9986 8472
2702 3566
4717 4910
2875 8721
1509 5406
8149 8552
8027 8654
9064 8115
5187 9937
7085 2399
9467 7128
7388 4300
4979 1384
4933 2197
4730 2991
2012 552
945 2376
8690 5074
1967 1489
3336 2010
8061 6466
952 8967
8021 1683
7774 2408
8070 2993
5437 5200
1202 2245
9703 9350
298 1092
8780 4371
1985 9845
3294 4183
2196 5087
4411 3486
8500 9790
1294 3871
8096 9921
1557 2670
3480 6808
7024 9652
5772 6006
9647 2077
6636 1004
6345 5842
542 8993
2202 1950
2928 5865
9505 4913
3760 2556
7643 6842
4944 6470
1783 3959
7667 9543
5828 1565
6109 8505
9191 9040
4804 3051
3762 6195
6331 7103
2789 8391
9546 3744
2611 5952
4332 9628
2895 6408
9173 2060
711 1158
9526 5913
9611 6644
8518 90
4045 1654
6822 5403
3235 8154
2930 526
9388 8508
3620 8987
9689 7129
8316 2509
4817 1216
3890 8002
2628 9248
2679 4977
5835 6898
4169 5759
7452 6224
892 6768
7172 4367
2776 8778
5780 7304
8286 3049
8877 3623
6130 5614
8796 3719
375 7210
4199 8489
6574 6363
5223 6316
6641 8957
6581 5589
5162 9008
6818 6631
3189 702
4508 7726
1633 990
80 3914
6121 4772
3901 6305
4182 9352
8890 4761
4837 1238
543 1675
3258 2386
6380 9343
4036 2331
1834 6045
4328 7073
3955 1816
8286 806
3191 8588
6532 6203
6491 1536
2323 363
7994 6566
9628 7482
877 6478
9666 6355
5751 4830
2887 2289
6796 258
2241 8619
804 3568
6494 8167
9543 3062
7153 9205
8594 7754
8115 6711
1689 6487
2708 1002
2613 4381
850 7529
7035 5309
5142 8353
7260 5915
1396 6525
2544 8354
4414 1712
2902 3129
7943 7458
5187 2221
2479 672
4632 2577
3117 8563
874 6009
4890 9876
9105 2640
8332 2007
8049 4639
3777 1381
2139 2881
442 2219
6684 9912
6458 8400
4915 3865
7923 7631
743 9734
3810 9906
207 8466
6107 9822
9620 6103
5900 4589
4131 4801
1043 1441
7867 4705
3101 1437
4869 1812
478 3906
3970 4132
1636 6581
2641 2584
3721 9287
1561 4528
5394 1005
7400 3015
2388 1898
8381 5311
6072 8857
538 3196
5370 9607
370 6502
3679 9049
5351 802
2511 5791
9186 9764
2766 9896
4024 3474
8949 1466
9260 6195
5085 3469
9463 3977
6736 7982
7119 4351
5961 1188
5174 3226
5968 3419
4516 1433
6104 2380
9317 9182
874 5499
4981 1722
9492 6249
8671 3789
4096 4594
706 5580
3297 6388
3364 4478
3675 5028
6427 1098
3879 8537
1511 3929
2659 5218
1381 2357
8055 3079
5891 1948
9173 919
3086 6587
5068 7779
8616 3663
2783 4477
7987 3272
1407 4046
6660 7884
8620 4208
401 3060
1083 5784
519 2011
9639 1674
4171 4444
4241 1207
8808 4440
824 283
7562 7844
7724 2632
9613 66
5134 9521
437 6963
5630 405
1572 2057
3149 1275
2677 5709
5918 2969
7129 4464
3189 846
8070 1581
2360 3030
4438 5493
8018 5981
5723 2302
6685 7620
3490 2335
6179 1959
6791 9921
4594 6508
5037 2809
7134 157
2840 6101
7826 1955
5405 4021
8327 6860
1318 9480
5923 4557
2516 2739
4296 9448
2245 9953
3779 5303
3697 16
6933 9777
7534 5113
5917 9423
5488 3380
3412 842
9848 4313
2906 6695
3994 9420
3005 4915
7417 7034
6541 6772
1192 5866
9581 4448
5121 2243
1566 1640
4424 5851
7582 5147
5615 1160
2077 2186
2598 9689
757 4572
2638 7418
7347 825
4236 6012
638 6169
6137 4336
2351 2579
5339 9135
4436 794
5380 5777
626 7585
6777 8395
6178 4030
3041 8864
1044 7322
4108 6555
6288 731
7723 3678
6434 9430
7501 5574
9113 6962
8929 9666
8955 939
3879 3388
1190 5568
8418 2401
1321 6353
89 3894
8747 2892
6421 8565
9967 8574
4550 2592
4677 2258
7647 5884
9231 5085
7991 6604
8972 6304
378 4959
7882 5018
2586 3785
1577 2334
8187 5250
6830 8802
3933 2621
506 7548
1220 3447
1231 6580
7415 7839
9911 4245
5806 4946
1419 2950
6448 5280
8009 4789
1414 4066
2730 1488
4418 5656
1326 9035
2588 4307
6549 72
3242 40
8582 7833
552 968
1018 6856
5116 4560
8185 3536
9368 4075
2245 5133
7854 7527
4476 73
2600 9788
6048 1981
977 1123
5010 3638
3616 9750
2807 9960
9062 7056
9460 9649
6414 6028
5318 7587
4514 8123
776 4643
2726 4249
8831 791
4918 5465
6081 8812
7954 6843
5875 4528
2450 9701
3933 245
6370 1521
4587 8099
8976 9719
6596 2531
7366 8283
3897 4245
968 7438
26 7740
1018 3974
1797 294
8478 3322
50 871
8279 5787
