512
1 64
22 33
58 74
86 47
109 79
88 35
46 1
106 101
101 59
43 42
46 46
8 11
68 23
51 76
38 87
100 69
92 6
17 62
20 99
61 58
51 87
21 93
101 13
93 25
83 32
79 104
109 76
62 6
25 79
69 33
90 67
92 35
23 48
79 19
23 107
18 45
15 15
63 11
11 12
36 105
27 109
95 78
48 34
92 101
76 85
11 23
93 30
38 43
96 25
10 104
70 90
51 66
24 41
51 59
28 53
78 5
4 61
22 83
27 58
63 52
39 59
21 18
84 73
89 101
24 10
25 49
38 104
45 57
24 49
105 7
58 63
2 90
12 72
101 14
44 88
16 103
5 8
48 45
93 30
76 24
98 26
13 33
81 93
73 75
16 104
2 90
21 42
51 36
58 81
42 96
5 18
97 8
19 47
104 29
73 52
57 109
37 80
42 21
8 5
68 64
41 99
30 94
69 10
49 39
97 38
103 97
74 75
14 95
24 67
13 45
45 48
27 77
62 80
4 75
83 59
27 16
90 81
24 46
64 56
72 92
103 31
92 28
35 95
84 43
23 4
64 31
93 42
13 86
31 12
18 7
9 22
65 52
39 81
48 54
67 33
77 100
100 5
45 7
109 109
23 92
99 101
12 47
93 86
68 9
89 6
107 15
63 50
70 77
43 99
24 77
78 73
108 74
42 83
100 98
89 101
14 95
80 76
21 100
24 65
62 5
34 103
103 108
12 100
102 76
65 106
31 98
27 19
53 27
36 32
92 80
38 82
67 99
94 64
20 57
94 85
75 108
8 43
55 52
4 99
19 20
89 77
91 19
92 76
86 90
42 22
45 62
90 19
61 105
46 6
33 66
67 89
105 72
2 106
35 17
86 21
12 33
54 99
101 37
67 39
15 34
82 14
15 2
12 17
15 47
98 21
98 48
87 53
2 22
19 17
74 93
97 19
70 12
51 58
40 79
2 16
23 20
38 105
3 46
3 64
18 92
88 109
92 22
10 96
90 64
84 91
66 25
25 36
23 109
83 37
6 12
47 92
109 100
87 83
107 63
61 97
72 1
32 48
87 28
15 15
85 55
107 48
84 39
39 74
35 7
58 6
91 41
102 46
78 67
85 81
6 60
68 8
1 42
50 37
70 4
12 81
80 14
61 104
103 28
69 45
26 10
104 24
58 83
11 4
95 83
75 71
18 91
50 55
94 8
43 16
100 5
92 82
61 50
106 55
73 64
89 11
108 54
51 36
34 81
93 61
16 78
39 40
8 30
98 17
108 62
31 26
34 11
65 21
10 66
21 93
74 81
107 75
69 8
13 41
106 20
67 86
77 88
87 89
57 88
104 39
1 76
10 44
88 58
5 96
92 84
5 47
92 64
5 26
41 96
88 18
36 106
26 28
81 14
30 31
3 34
80 7
78 61
72 107
43 70
18 66
90 13
52 77
87 43
62 62
85 59
73 76
100 104
88 13
102 69
58 9
86 6
59 33
37 49
105 55
18 18
75 41
70 60
30 95
63 20
23 44
3 30
47 87
93 27
109 61
59 7
65 4
109 106
83 66
96 89
79 76
99 90
39 55
43 43
98 45
35 7
16 91
51 100
90 72
102 75
37 24
5 72
57 72
9 9
86 61
46 27
88 47
101 102
1 106
43 59
42 27
22 5
106 103
17 85
104 107
38 32
45 2
31 20
50 94
96 81
100 103
36 34
89 107
84 92
77 14
41 24
61 92
54 99
25 75
75 53
54 4
95 3
93 17
23 100
23 68
94 79
49 85
7 49
18 28
60 77
100 109
90 23
75 49
79 83
83 26
12 106
105 56
54 102
64 31
90 43
78 68
10 48
1 107
83 16
52 64
25 6
26 38
50 93
83 92
16 1
35 105
31 6
97 73
64 29
56 67
101 38
46 106
60 16
36 41
39 21
76 51
18 16
35 11
83 50
38 101
29 78
89 44
3 17
24 5
60 65
61 102
77 11
67 71
61 86
60 80
78 31
49 108
71 96
60 75
51 57
84 22
72 11
60 77
64 16
101 37
9 48
109 58
81 56
22 97
27 18
65 96
22 62
97 66
35 31
95 30
85 48
56 31
76 21
2 32
50 14
106 91
107 103
74 63
65 62
40 86
92 61
5 36
79 53
33 40
94 41
57 5
98 26
64 39
25 93
82 42
68 41
61 50
96 103
104 62
47 80
20 71
36 72
50 73
39 53
33 45
78 51
88 58
41 57
76 2
64 53
88 39
90 13
27 81
14 95
70 60
74 37
82 95
84 39
30 6
64 58
40 108
2 100
93 50
67 38
