512
8370 6878
7060 1763
3620 2927
3611 5627
4978 8916
4723 7833
7757 9850
7483 8709
9543 2737
7336 8220
2805 9610
1481 6635
9427 9570
6596 4242
813 3599
8631 7965
6417 1690
4361 1006
7730 9426
8447 236
8359 4661
3327 6763
2408 7391
718 4797
276 4746
4369 7520
1047 8210
1741 5161
5288 1873
3292 8257
556 4159
8884 2147
1000 478
392 8203
8370 9380
6782 9303
8947 1210
8398 8372
9634 1745
324 1794
3418 1863
7459 2591
466 2461
3990 9943
1217 1098
9247 1244
1870 7934
5963 7447
9153 7674
9016 9675
247 6218
7847 5272
7727 4630
9373 1529
9229 7914
8570 7694
5542 7800
7466 7787
1509 2863
490 6951
8817 7314
4918 1991
2049 1588
5197 9991
1077 8502
5755 8434
4075 5387
3251 5354
4338 3451
5270 6522
3347 9992
3044 1521
4131 7972
5276 5077
1584 3406
5272 2838
2370 5292
8624 7925
5599 3089
6613 7368
1718 7757
8373 2902
7126 9480
6011 4932
8242 3562
5946 4069
5245 9867
2784 7394
4570 8712
5273 3508
6752 4861
7524 8368
3739 265
2487 5070
308 495
8104 9701
7935 6433
1350 1214
1709 8785
1480 4962
5238 3871
5081 152
4309 9190
2454 671
3258 7689
5877 2489
6552 2772
8076 195
6621 8856
9778 231
7242 5244
2878 137
9597 5710
3607 3695
1374 3982
6547 5794
3840 4841
7189 3021
635 7354
1284 3809
3654 7507
5124 8490
2924 1599
3552 1668
8767 7096
6900 5204
2785 9488
7367 343
1738 4030
266 9764
4396 5545
7751 1034
232 7698
9044 428
9794 9871
7733 2662
3013 5917
84 1773
4575 39
9354 8488
550 279
3895 1086
995 2153
1111 5462
8863 3079
1208 4266
6030 2396
7696 9201
3603 7604
9811 455
5925 804
7918 3034
9678 897
9919 78
5889 5571
1059 5047
3991 2703
1318 7652
5510 5270
8929 2846
8451 6551
6678 6727
9955 4339
6277 8156
4716 6631
7949 2765
7291 9357
2490 2231
2738 322
3548 9504
2128 5689
927 2419
517 5182
425 1320
6749 8040
5977 6124
2456 4684
9373 5676
1869 5013
2068 9592
2216 7059
9193 7076
1093 874
2176 687
4810 6593
3464 7490
2879 9501
1487 1972
8329 7947
9292 2387
288 3908
2375 7958
4167 7743
8880 9408
3588 196
2636 9532
1494 1037
1325 3823
2549 6246
8818 6646
5834 7452
6466 352
4277 2140
6322 1928
4672 5458
3009 8185
2028 5014
5910 6413
489 694
3758 1196
5127 2139
6346 6651
429 5063
5141 8040
1333 1931
5896 8218
9840 7150
3132 1743
4988 6547
4142 3634
9061 3089
8656 8938
2360 4138
7050 3298
5675 2468
5052 8701
9993 535
6487 8375
7703 6408
7600 4571
8043 9706
7806 8935
1957 275
7073 8139
4024 6178
4641 2016
2320 7129
670 6714
3335 1371
9800 7935
2845 528
5327 1931
1537 5083
3276 1300
7642 5436
4374 5642
6815 9408
2953 1898
4226 9715
3225 2258
8672 7809
403 1078
4487 9077
4687 281
1121 7190
9141 7730
7553 9413
4220 1133
5948 9871
8976 7981
5234 1756
2650 7493
3168 3052
8915 2882
6823 7627
7099 1513
6914 4712
1545 3962
4723 9788
3002 2506
7604 3155
1891 2979
3546 2298
6367 2199
2240 3251
7852 4213
496 4719
3805 7360
3803 2304
3770 3806
212 2370
7177 6910
6213 7527
9180 3024
1046 58
2802 712
4120 8184
9364 1917
5516 6923
8497 1694
6517 4450
1222 6866
3876 8596
4957 783
9792 6029
8370 4288
6635 8938
7651 6570
7545 7957
9074 4486
9976 8752
5419 4220
2786 9959
1716 2858
497 4227
5736 8583
9691 77
7044 1123
7003 6260
1869 9776
4683 7031
1387 553
6915 6916
8314 8677
636 4156
8606 3706
6935 6670
2623 9942
1076 7774
2520 2966
3246 1277
7305 2429
8729 2855
1990 8974
6060 2339
819 415
5659 717
4594 313
9868 9327
1870 8330
1818 9915
8856 9649
4274 4487
1996 8902
6957 7327
5269 1231
7395 7313
196 2473
7507 1294
2682 1034
7202 6016
6830 2172
3915 7206
8798 6509
4395 4604
1949 8546
2859 5316
6101 4448
1022 6573
6023 654
4439 6094
7391 4984
678 2772
8662 2378
7521 9698
3890 28
8578 4017
373 6744
8988 4029
1525 6258
352 550
8101 8035
7998 6694
5859 2823
6070 613
8030 7740
6207 4474
71 3614
4646 6678
9997 7512
8571 2148
669 1703
374 2371
5479 1648
7831 7772
3489 8799
7858 325
8910 5025
5188 3653
6529 4333
3505 8566
824 2232
6402 1484
4345 720
8502 7140
3134 4853
8446 7199
3472 5108
6629 6282
8710 4625
3810 1415
3191 8571
1735 3027
4318 2240
7665 7635
4528 5
9006 2208
5745 4210
3721 9275
6114 2799
6104 5768
7801 424
3513 4743
9700 2637
406 2537
6275 8316
8143 501
7660 186
2604 482
3034 8369
3929 3641
7068 4730
1740 723
2840 6829
5864 1583
4110 4501
8328 8205
2476 9803
5190 172
6743 847
2978 8068
9695 4160
6463 1130
2998 5381
181 6785
2009 3588
8699 7708
1485 4990
4896 7394
5145 7072
6291 9300
9861 7205
1883 6259
6224 5824
911 8191
6293 7044
3219 8645
8971 8031
2792 5403
6301 7479
4188 6820
4924 8138
9338 6774
4863 2968
5455 7832
3330 8507
6565 8231
7138 6312
5509 8608
3091 9946
7777 8418
9981 8167
9655 4014
6359 9098
2406 6191
296 3204
515 185
9200 9702
3967 9959
664 5774
7270 6634
3125 3625
6809 8003
1369 9342
2353 3762
8377 8135
3147 806
2441 3755
75 2584
1018 4239
8219 2979
5450 6744
9953 9500
2574 7129
5458 1043
8924 4310
3545 4817
6892 3286
7874 5
8014 6898
9003 3468
7172 4037
7180 9870
5817 9018
405 137
273 7383
4323 4360
8885 1628
2573 8450
7061 7971
6998 4504
4256 3319
1092 2581
2232 4952
444 210
4730 6456
1043 5471
5811 2923
6651 8700
4041 7765
836 4127
3203 7801
5738 5770
827 9946
5572 4284
9976 7646
1254 4171
9753 5416
2026 9879
2591 9781
9954 9849
5388 9931
