512
69 59
71 54
50 103
9 38
33 23
73 35
73 14
30 9
87 82
12 3
77 27
82 62
23 87
4 88
78 96
76 49
50 60
67 77
43 5
90 90
77 106
99 29
94 87
27 86
78 4
41 84
103 43
72 78
69 91
54 13
31 86
11 44
12 48
98 20
7 61
67 84
108 66
36 105
43 21
71 45
20 38
9 71
39 69
67 106
35 15
58 70
93 85
30 14
8 26
65 46
26 56
17 5
109 87
72 108
107 84
74 3
3 21
58 15
54 66
56 28
105 6
44 73
17 13
72 82
61 92
88 83
39 8
24 93
43 108
17 12
57 9
27 55
31 103
50 92
20 95
58 20
5 83
26 15
44 105
58 7
68 93
101 1
6 12
87 48
2 23
94 92
60 45
26 23
2 78
70 76
13 92
107 94
40 13
85 71
79 17
55 45
9 73
82 28
97 59
40 105
51 11
31 98
35 63
107 61
16 18
72 38
60 19
12 94
3 9
99 40
1 51
68 38
26 77
94 31
71 86
62 30
99 32
11 66
99 53
23 30
93 85
68 67
39 62
12 13
86 29
72 71
48 71
75 51
9 35
57 101
28 85
63 29
30 55
74 48
7 106
47 76
68 22
107 8
32 70
35 35
13 66
10 18
11 34
21 17
41 31
28 104
68 62
19 34
83 70
61 92
41 46
7 102
102 69
103 58
106 85
10 84
108 1
18 57
103 18
30 81
71 70
74 88
27 69
89 25
99 4
76 81
43 104
63 94
41 81
2 89
98 55
35 1
48 26
14 15
7 26
52 20
39 107
68 67
108 79
78 109
85 54
86 79
12 41
68 30
6 75
73 42
31 67
102 97
29 75
72 43
38 18
23 15
69 58
78 91
13 71
99 88
30 62
52 25
55 98
99 97
53 33
41 67
71 93
17 28
27 31
14 65
35 12
43 109
64 77
6 76
57 59
66 101
105 64
36 58
24 32
34 101
102 106
67 65
1 75
12 44
46 49
28 97
62 93
5 104
18 65
90 85
68 60
109 105
15 101
91 75
60 12
66 50
54 41
83 69
74 63
12 30
63 77
22 87
68 69
2 104
61 85
1 99
8 88
28 6
22 9
101 33
78 9
25 72
78 4
60 41
14 22
101 62
96 87
34 32
14 33
68 67
73 19
54 13
61 98
35 82
32 93
78 7
22 98
73 26
101 84
90 60
25 15
33 57
68 97
5 70
35 22
106 107
94 100
13 24
28 25
101 19
41 80
8 28
14 32
49 93
7 95
25 27
20 10
92 34
26 7
43 20
63 21
24 45
90 41
37 9
66 96
69 52
54 54
80 7
100 3
91 66
1 60
91 34
48 91
37 65
49 15
85 66
91 109
98 89
40 56
56 43
108 54
41 85
11 39
22 18
94 73
82 73
45 64
56 104
44 3
75 73
102 42
55 69
84 45
20 49
46 83
19 109
86 20
83 77
21 46
66 84
37 86
18 66
87 53
24 64
38 104
21 31
60 40
41 90
39 98
16 34
26 70
75 13
61 102
9 1
53 75
1 38
24 48
66 42
70 47
92 8
78 64
28 100
57 66
84 63
57 85
41 26
96 25
106 33
90 28
26 74
66 64
44 16
10 39
43 10
5 53
10 37
32 47
95 86
14 61
57 10
49 11
8 14
45 106
48 19
43 26
33 105
45 10
27 82
99 8
67 39
76 10
13 49
33 62
55 29
86 37
3 32
18 101
14 49
15 72
94 36
102 88
47 58
36 69
35 47
69 26
27 101
44 109
101 37
1 76
16 45
8 16
75 70
17 58
9 39
71 58
39 2
98 20
18 15
3 6
67 90
57 78
33 77
46 107
6 9
12 85
46 11
105 68
2 80
19 35
74 52
88 18
92 4
84 29
7 85
13 62
109 57
101 38
19 11
69 7
4 22
62 71
37 60
21 66
2 98
60 40
55 100
109 37
5 62
7 50
78 1
34 89
104 97
76 88
43 67
40 64
54 17
47 10
93 97
89 33
68 38
87 75
48 48
15 67
40 2
89 52
77 57
85 21
75 39
27 93
29 67
48 27
103 54
77 36
14 75
97 18
20 41
33 94
14 59
57 60
52 79
74 87
22 17
101 72
12 73
85 59
6 26
8 3
45 55
42 74
81 11
83 102
27 33
18 16
27 89
53 103
23 88
104 71
5 48
45 49
74 25
93 48
59 28
2 58
8 30
80 4
77 103
84 106
98 14
62 89
99 32
73 32
1 69
89 84
7 5
61 54
34 64
38 4
104 57
58 89
35 32
49 40
65 100
52 5
82 68
76 96
85 78
