512
5 5
107 81
4 108
3 92
1 29
25 38
44 8
76 17
84 4
21 18
50 11
85 58
49 104
3 24
107 1
21 55
104 55
66 95
92 85
69 28
53 2
89 26
108 74
32 28
95 41
4 97
29 102
64 40
93 71
6 66
60 109
69 11
59 18
52 49
109 58
19 39
106 51
93 108
60 9
43 22
14 36
27 76
98 86
12 78
48 2
53 53
105 57
32 53
6 46
20 77
55 58
37 62
90 24
3 43
32 33
83 36
83 101
107 1
89 76
43 4
26 101
81 83
18 28
8 88
42 69
106 37
71 34
76 50
52 2
109 41
101 13
31 107
15 100
33 68
70 75
44 22
57 21
96 109
46 4
14 99
50 64
93 79
79 82
74 14
44 18
42 42
60 71
99 59
78 8
89 94
80 51
80 103
47 88
19 18
6 39
25 57
62 53
52 58
67 41
98 80
29 50
109 22
52 92
48 80
12 36
20 63
62 46
5 35
80 50
27 52
44 27
51 39
104 100
51 95
44 3
1 48
89 47
27 50
3 106
43 40
11 54
12 93
89 20
52 58
5 91
86 57
39 4
94 39
16 98
67 108
51 68
27 88
37 56
46 109
29 66
50 34
32 81
17 22
2 99
44 68
102 54
108 20
31 74
63 12
78 61
96 71
11 76
87 70
30 8
2 109
108 37
9 2
35 45
28 106
52 50
23 31
31 4
37 88
39 29
100 6
58 78
47 52
40 52
73 50
71 59
63 3
71 47
104 99
17 105
95 40
30 97
57 7
82 52
91 2
33 64
18 37
62 30
37 94
24 29
54 51
108 23
90 93
52 40
67 105
29 16
85 79
81 106
55 9
73 20
99 92
44 64
17 79
49 80
89 59
9 19
29 4
10 103
49 16
100 83
45 24
7 48
5 101
48 6
1 35
50 100
27 47
97 83
91 48
74 16
26 48
36 5
93 3
46 80
88 11
11 21
103 17
17 69
58 107
39 68
100 52
96 106
70 51
82 7
86 31
103 36
51 1
15 65
7 86
11 49
63 47
7 12
73 65
95 6
31 49
59 21
10 2
8 3
72 26
78 65
33 59
60 20
40 109
49 69
71 20
23 27
50 53
106 67
43 90
92 55
109 78
58 79
104 85
35 98
82 84
82 102
100 72
97 89
64 74
87 107
80 50
9 41
38 50
31 60
90 10
90 18
57 2
27 64
93 21
39 61
2 75
48 24
58 20
9 61
47 82
30 89
25 76
82 35
55 13
73 6
101 52
22 72
80 91
37 25
38 105
11 60
107 40
84 36
73 44
55 82
64 26
7 83
67 42
84 77
36 37
23 55
39 22
109 44
61 8
95 14
66 17
52 50
57 18
69 82
40 104
83 77
72 20
66 41
55 86
84 45
29 48
1 38
90 105
102 74
88 50
44 87
91 94
21 2
65 100
106 55
106 5
104 79
82 85
5 65
82 54
75 21
50 7
54 23
48 77
5 105
50 23
41 69
66 69
34 73
58 33
61 89
27 64
85 57
24 96
64 21
86 9
10 59
11 78
54 44
78 62
12 11
57 38
38 58
17 70
73 72
33 59
4 73
43 75
34 12
64 53
8 32
45 43
38 38
20 1
26 31
56 7
12 77
80 78
78 79
31 47
52 78
80 44
28 52
4 39
61 100
53 42
19 56
17 76
53 96
20 44
72 43
32 34
26 33
25 56
4 98
24 108
11 83
5 5
14 23
73 35
77 106
69 15
75 97
107 90
80 101
9 81
57 48
45 99
11 28
99 33
55 102
63 78
87 12
92 104
61 65
50 2
22 48
1 109
1 15
82 57
105 56
68 107
48 27
28 32
40 6
58 37
9 26
21 7
74 47
91 86
63 79
80 40
43 73
89 66
30 47
15 37
23 95
68 108
40 57
80 4
70 104
77 29
45 12
24 39
78 70
51 73
73 73
6 11
36 69
75 69
27 41
89 32
84 99
37 6
29 85
29 81
5 55
94 101
20 17
42 77
68 101
19 87
63 33
17 106
84 84
102 53
12 77
65 45
68 15
6 19
72 78
50 84
105 15
70 78
67 79
9 104
96 20
46 71
108 82
1 98
103 79
96 85
20 95
59 37
105 96
50 12
76 38
74 38
6 56
27 63
2 13
51 69
108 3
37 45
20 31
21 18
44 93
34 13
80 6
82 99
32 8
45 109
12 39
23 40
41 26
77 76
37 78
71 76
88 89
45 46
63 78
30 48
83 81
4 39
24 3
98 103
65 29
51 65
90 11
17 85
21 94
34 27
92 12
98 104
105 2
105 90
61 46
75 93
