512
2476 4387
1268 2284
4231 9997
1303 2087
229 5842
1364 9172
2537 2641
6788 3196
3487 793
7822 304
1856 1007
1896 2956
2011 6268
7347 6829
6500 9415
5073 421
2651 7796
9473 3418
4073 6823
1678 6073
1709 9027
2931 7607
3746 5784
4361 7813
7712 541
476 5000
9032 2839
8545 3578
3413 3096
6515 2745
9342 2155
3497 9119
3960 1663
5870 6856
7876 1414
2551 8277
1429 2782
1312 3946
1918 1725
2906 4258
9816 1444
5340 9271
1396 5210
6956 947
3964 4897
9846 3376
2348 3673
2430 6236
9422 9745
7950 8332
1023 4041
8535 7737
4908 9024
6631 6666
8171 7130
3286 7379
1202 9091
4728 9760
603 110
1920 8889
8022 1316
1485 4648
1341 3795
8705 350
3185 4441
8080 3561
9721 6221
8464 703
4820 1074
5676 4586
950 4730
5761 2940
8301 8359
6745 1616
9196 4301
7918 3007
3233 2770
2746 6435
5173 4813
2892 7455
9191 4575
4978 206
4432 4123
6106 5104
4163 5946
3137 2233
5633 6997
5005 7791
383 1185
6675 6811
4963 8889
4431 9831
4330 1453
5706 5205
4276 1372
6789 3792
1001 7170
5288 1092
8911 6572
3318 4028
3958 4690
1280 3085
8340 9029
6611 7105
6449 8116
7527 5738
1996 8345
146 2132
4227 3212
6611 7715
7072 4307
6332 9600
5663 2219
6968 6142
1792 222
9894 2575
718 1057
6675 5952
317 6820
1034 2134
2847 8386
8655 213
634 8733
1857 2719
8264 4605
8386 8051
4887 915
1510 8708
5332 1032
4059 315
1838 6342
913 9035
810 2906
4308 304
783 7669
8920 1706
2618 3854
6242 1088
7234 8438
8616 5812
5105 4861
1463 3655
7170 4234
7205 8310
9041 2650
9574 5368
445 9200
1409 2790
1190 4362
9450 1687
6597 4676
2784 2748
1057 7097
244 8872
3858 2616
8265 3742
8658 4070
7447 6745
425 447
7522 1298
3853 5956
9561 4161
7446 3586
5567 5584
5441 8748
5200 8655
1886 1853
8809 3328
8449 4217
3113 5410
9981 151
6594 7697
9948 1794
2604 2964
2182 1457
2520 843
1435 7242
822 4100
3795 4198
7137 1319
833 3424
6651 2656
6899 761
2584 2235
1980 7156
1047 4431
4640 9789
8196 3039
6272 4216
9111 2331
186 6595
4137 1113
5243 1431
6531 1744
2159 6386
6465 6533
8588 3396
6944 7642
8592 3134
4826 7066
2673 8621
8561 2755
8027 2210
4798 8942
2774 7870
7918 4253
2689 573
4282 4467
6010 3676
4486 2128
9248 7413
7301 1329
6597 9334
2516 4093
2834 1980
7767 6780
4827 5735
3093 5097
1507 9499
7580 157
6081 2623
8947 1221
4612 8477
9532 2958
1423 2448
2404 7446
2996 8022
5197 6346
8814 3718
2554 5732
8681 6503
6511 699
4461 794
3213 1234
6820 7160
4361 7388
9080 6196
3075 8196
7900 6120
1872 265
1468 7364
2658 4691
8871 132
8556 6388
3078 9840
2019 6769
703 3012
4271 4629
2863 858
9014 5310
3596 8827
4063 5667
1424 9609
4921 9098
5468 7782
5257 6948
5510 6805
3269 4595
4906 2879
8618 5301
427 9520
3340 2337
8570 5670
9544 551
120 835
1475 2730
7994 5060
5741 4080
5656 6608
9820 6412
1413 1872
7961 5017
4823 8723
1520 4009
5939 6985
1488 7486
9964 2004
5635 8850
3504 1289
9231 6461
5901 3635
5144 3388
6118 2207
738 3614
1331 3125
3824 593
2444 2288
3137 4202
49 2296
4213 2550
9992 1095
2277 8508
4863 6547
2081 9567
4749 3849
2167 9485
4543 3673
6106 2062
3645 1333
3454 7570
515 5499
7902 7008
540 6902
6776 2769
9223 3215
1907 3518
4522 4741
5704 6711
4802 319
9246 7045
9524 2109
606 927
1229 4222
4560 5911
6682 7604
5766 4285
7549 7990
2223 2092
8428 6289
1087 1997
9012 9905
6584 2930
9571 4970
9356 1598
1850 632
3783 8617
4393 3471
325 8318
9875 8976
4959 359
9275 2865
3605 7480
9028 1014
9622 781
172 1818
5153 4569
2070 3519
9692 983
6484 9809
6827 2205
5205 4627
9031 4841
6340 3402
6152 2923
5427 8947
8550 5228
5563 5564
4798 6268
2479 3574
8640 1513
9480 5940
8276 6321
6751 5146
5494 4684
3511 2379
8582 99
473 6373
6731 2905
5239 9338
9121 2580
6070 1768
5476 3187
1545 1946
7730 1449
5020 7126
3094 2546
5605 9473
9395 7622
1447 5802
3867 9108
6906 4437
1159 7303
2664 7569
3830 2337
6489 4364
9760 3899
3295 6497
4769 8536
1818 5812
7874 7318
3282 9431
263 4011
6053 1888
3109 9096
9418 9803
1960 2080
3246 6240
605 5224
707 7064
9546 7788
8585 9612
7609 7557
9310 5638
438 7003
4799 2646
9336 2426
5812 3285
9832 1673
34 2029
3497 9124
4500 6243
4701 2107
797 5362
2568 6016
3801 127
2115 6696
7362 3101
4844 3530
9951 5302
3793 6714
635 292
7537 7874
2535 620
80 7585
3883 8434
7936 1363
717 3031
8050 1304
5385 6497
3908 9996
7420 2001
8058 1748
6206 1115
7061 3364
1285 8326
1923 4781
1369 5177
3560 8682
1544 173
134 8330
3933 3935
6714 5286
3213 908
2778 6826
2865 7347
9966 356
1943 5983
3284 1852
123 3467
4758 7074
5115 6377
7690 4193
3916 4261
7023 5642
8074 8146
3952 3674
4844 8864
3530 3751
9744 6885
6197 1860
8956 1817
5378 1803
6712 3564
6517 4580
5501 3897
5648 9742
7863 2364
309 7871
6574 4499
2393 721
1100 6282
3583 7673
7252 1241
5126 1948
3511 1886
3253 825
195 8288
5635 3187
429 1038
3692 9021
9773 1068
8143 6239
9651 7779
3034 7206
2564 2483
2476 5123
1605 1224
8388 1997
3521 5638
212 335
373 8277
1291 8674
5655 3080
2970 4865
7234 6832
1413 5935
9147 4726
8069 9117
2139 1423
9497 3150
2881 2466
6839 8483
5813 9228
5835 8847
5606 2694
7481 1872
9343 5516
2916 3355
7631 7880
8295 2215
7757 8953
8347 9101
8105 1666
5104 4056
5536 7083
855 4627
2570 3245
5858 8957
7171 5747
1262 9104
6370 259
1912 9614
