512
5115 1532
3571 1808
3193 860
557 8446
3243 543
2743 1165
6470 5914
2429 4565
2553 3421
7259 334
1380 4672
2394 2
8297 7908
7570 4684
3538 4136
258 6834
5198 8812
6358 7794
209 2418
7437 9292
8834 8693
2047 1423
8351 4290
1760 6833
8601 4774
4232 1833
9315 6257
3382 8354
71 4469
1487 1997
4606 9686
5544 8451
8976 5689
4218 3137
5423 3068
7527 3690
2862 9613
1680 444
1810 3309
3152 4434
6836 3919
6990 8984
6289 1650
8571 2902
5152 6017
2506 4722
945 1806
1376 4055
35 7132
9752 3236
2356 7981
5537 9912
3821 1784
9521 7028
3288 1990
1753 2424
5593 8396
4135 7750
9524 9129
1980 2391
5660 8157
3690 2635
9050 6528
321 5452
13 3408
5900 5490
6114 4519
4757 1595
245 7084
851 848
8623 491
3282 4533
7695 1778
9845 6709
9454 3293
150 4617
6837 2188
9327 7145
3462 5809
6102 1725
799 8503
3832 2110
9460 5419
868 7369
8860 7778
9503 8298
747 6797
2603 9378
833 7531
9917 3694
1994 9125
1972 1263
1802 9636
4639 6713
3935 6331
8474 7872
2207 7996
3371 3002
1578 7620
9825 8246
6673 4182
2444 3823
3778 1506
4294 7628
3983 9521
2057 251
886 7690
4665 7372
2262 1215
736 4638
14 7005
8001 9419
5111 6683
4102 9614
3002 1721
4320 543
4028 9906
2721 6692
6832 5311
2324 2426
4960 2626
1504 8738
6567 5937
9396 8665
4524 3988
6177 6861
4879 3612
7097 3793
8145 7687
2114 2891
9464 1931
1871 8173
3870 3022
1597 9095
8683 6424
9408 7218
3147 2910
7218 4368
9045 5844
1142 3441
3009 30
8186 4398
2956 6226
2357 5069
9751 3026
6550 2561
9353 2016
9393 4620
5008 4329
2799 9038
1155 8136
3410 3385
7413 8300
5815 9828
8494 7901
7532 8866
4947 8663
8410 9777
7624 7548
3440 9350
400 2838
3030 627
4203 2177
695 6005
5809 8957
9064 9633
8394 4985
2698 6114
5524 6180
5037 4683
347 7174
12 664
9944 5248
5918 4375
3702 3667
3151 9016
3869 2196
4723 9252
9 5839
7902 3145
7758 9181
5442 4601
6967 7451
5566 6373
530 447
8036 5566
8183 7127
5044 6570
2775 4285
8425 2646
215 2458
699 2369
4150 7295
848 6759
7540 3283
329 8855
6547 7446
6942 8388
945 3910
7893 690
7367 725
5111 3527
2193 4160
3130 4372
3456 7533
9075 7460
8920 355
7137 8803
6469 2159
7756 7895
1615 6430
7863 25
4060 8629
3029 8883
4880 9125
5106 5820
1875 4566
927 1201
485 3297
9169 306
1875 49
9962 2778
571 7042
641 8265
6571 5126
9137 5159
5724 2277
3477 9019
8325 4473
4644 4301
2448 9300
353 1010
3066 9362
9774 864
8357 3102
2208 7472
6126 3759
8351 846
6083 8059
1546 7510
1120 5289
117 9501
703 4216
7662 6059
410 3795
9686 511
1878 9227
6432 4304
2511 5240
3694 2000
6998 418
5316 8766
4866 3730
6950 3944
1631 3355
4363 2338
7950 7451
8338 1706
5170 4243
1734 4501
5904 6769
9637 6820
8461 2187
8473 7522
2347 4738
1718 2917
7834 2748
7932 5560
8886 4194
8408 4498
952 7285
752 1718
1002 7576
2545 2096
8355 6470
9039 6380
6718 4875
5221 1560
2358 616
9278 8977
6262 6954
1104 8522
4328 6150
7895 1274
2278 8013
8237 9679
4095 8155
6456 5879
2095 9427
9600 4326
9171 7335
8457 5700
7023 4046
8981 932
4710 206
5348 6356
8875 4037
2844 510
3495 9142
2102 7146
1852 6014
542 5314
6100 8583
8962 1289
4154 1559
5772 8888
4331 7651
5514 2681
3297 877
6991 835
8222 715
1716 9566
5246 2526
8438 9983
6019 1736
4379 1617
8681 7716
4337 6842
484 9438
240 9016
3618 202
1682 4562
5691 3319
1104 5069
9450 3993
7186 1320
8705 8852
7717 5769
1724 5346
4548 9798
8959 3594
5136 4410
5705 3202
5383 5885
1504 4296
4257 591
3728 1613
6185 6531
8704 2070
401 6880
9109 4352
9597 8598
7142 84
5884 3573
8124 3288
9005 8921
7548 589
126 3992
6127 3757
6578 4037
2946 8239
2635 7069
9077 8055
1269 3244
6227 425
3463 8746
6254 6708
2670 6315
120 3751
9113 5548
5292 6212
8387 2209
2398 1248
509 7930
5128 5852
1642 4213
7172 3881
5708 9245
1423 1920
6359 9735
1915 6157
2299 3590
6816 7258
1480 9298
5017 5267
919 9104
4302 954
6359 919
2673 2544
5679 3768
3631 1925
4136 7447
7883 9406
4728 7302
7198 1820
4205 3114
801 240
379 7853
6923 8847
4326 5635
1386 7303
8921 6396
9514 9560
8542 5128
1492 7780
1485 6180
3827 8367
2806 5367
7124 5423
9482 7511
6431 92
5557 4879
2590 1227
5845 1359
1176 546
662 973
5860 5924
8116 9292
7207 4839
3689 8538
8091 8586
181 5427
1851 8182
1496 8189
6616 7782
1557 4276
6528 6826
9759 9949
8615 4898
1948 6557
6063 9598
9238 8074
4649 1726
5017 7591
9973 79
2375 9104
4468 6472
7480 2463
6285 5435
7840 4383
8828 8815
6266 2474
1504 4799
1716 2674
798 9804
9472 9044
9988 9394
1131 9439
4312 1340
6341 9385
5028 6290
3082 802
9747 3709
85 1954
3386 8515
2773 1058
856 4165
24 1189
8109 4637
2965 5274
968 861
4894 9828
6414 6283
4569 6270
6120 1453
5302 1946
5774 888
8470 7921
8063 8855
7058 9184
7103 4331
7070 8455
1310 7019
6613 8680
7170 4012
2425 828
9315 8250
6231 3597
5544 292
6156 883
2789 1125
804 1498
3652 7400
5319 9118
842 7718
4088 1389
4898 104
8615 8120
7997 8779
3476 9918
927 5384
4182 1591
3605 7420
9730 6173
12 4721
640 3219
7226 342
6864 9524
8592 4147
6631 1537
3812 6343
2968 9999
8146 4936
8440 1493
83 9848
2500 3215
7195 1026
2939 6065
617 5283
3368 1236
5126 3727
6028 3502
3288 4197
4017 6132
3020 8834
1391 7945
8662 2884
8784 6719
4806 3038
9862 1564
6280 3192
7573 5691
