512
635 941
705 967
583 528
217 976
733 503
83 809
790 492
602 218
268 173
688 53
246 570
295 980
213 556
869 553
196 359
583 669
642 950
621 810
193 58
253 457
398 395
706 486
44 369
458 685
51 475
312 244
246 820
538 525
377 214
989 374
418 130
841 587
649 10
644 368
802 24
685 202
134 303
366 523
306 528
221 896
458 342
765 423
607 400
580 305
901 911
342 738
385 587
102 296
79 304
736 994
941 2
635 154
333 516
323 937
179 584
52 184
794 940
456 33
479 237
100 303
131 678
469 635
155 140
338 730
230 835
374 451
423 618
623 420
642 422
20 126
67 597
433 469
581 323
220 998
491 17
37 937
183 379
174 567
952 630
376 278
550 510
660 153
457 354
806 162
618 956
977 508
230 252
363 16
462 116
296 167
586 970
970 157
981 247
104 665
458 670
944 53
187 703
16 234
238 334
467 824
750 974
879 106
403 339
65 286
250 389
825 171
803 242
88 510
608 818
437 522
648 862
588 320
23 851
105 680
52 855
3 399
307 621
658 684
527 505
297 143
752 725
292 283
511 191
907 84
977 569
860 234
527 62
311 517
591 430
845 246
584 949
495 872
674 72
591 160
385 336
427 973
651 611
983 321
297 985
512 166
25 365
680 850
21 812
920 1
8 270
289 661
861 617
856 21
115 113
340 633
40 417
210 848
58 556
229 27
940 319
259 518
894 97
253 961
674 508
643 280
353 740
306 481
944 231
476 813
889 620
300 125
114 461
585 680
670 980
51 318
611 44
192 520
495 992
91 953
2 559
831 919
765 370
223 439
37 110
270 649
914 426
875 842
645 561
490 355
427 359
31 1
178 172
625 612
693 753
756 239
967 231
967 552
800 927
704 280
4 811
283 808
22 931
107 707
670 585
878 244
235 257
240 142
626 253
660 23
526 306
242 934
995 699
139 811
611 681
851 575
365 385
133 732
635 266
667 749
494 423
791 555
952 706
727 800
903 998
7 428
663 634
577 127
287 907
863 788
219 373
963 911
793 522
894 475
461 563
527 419
723 582
43 457
99 849
583 451
230 641
323 907
971 648
170 180
300 361
548 391
406 970
908 715
781 52
282 383
589 754
787 684
194 97
673 458
807 388
982 838
684 137
159 163
974 879
722 575
82 598
289 587
253 873
203 1
669 370
683 836
309 295
644 27
333 41
820 257
34 483
781 430
964 19
716 271
688 832
512 936
779 791
842 936
242 970
506 879
301 242
867 868
479 533
462 94
729 934
751 106
162 842
684 559
56 540
627 202
659 981
86 501
786 565
38 521
853 424
756 33
869 867
378 307
826 472
900 94
588 355
908 56
984 535
919 832
773 350
31 865
101 800
99 13
943 769
437 72
559 260
233 64
530 808
15 8
354 15
378 341
973 437
581 28
568 903
78 184
329 211
373 499
60 478
424 179
111 898
558 251
9 927
447 330
203 140
36 120
908 221
882 844
55 872
461 874
200 115
387 153
313 723
491 842
850 145
744 400
179 810
252 528
626 489
457 571
838 272
297 196
472 776
666 248
388 896
950 739
35 779
728 32
648 230
273 97
107 855
219 105
296 405
772 148
415 415
965 549
658 287
139 971
520 475
559 895
778 300
280 36
422 354
180 874
753 266
745 949
480 512
46 158
307 656
47 457
586 973
281 232
428 83
241 297
540 178
115 533
273 557
325 972
963 226
733 655
996 757
72 47
123 814
265 163
804 651
70 559
513 694
129 183
469 381
40 15
983 256
43 441
176 952
56 793
467 612
501 241
672 936
908 398
889 893
373 815
861 910
10 776
58 661
14 30
476 873
750 619
45 639
794 123
602 794
672 491
812 755
564 215
147 939
826 647
592 973
632 793
44 920
417 865
761 566
665 454
637 636
700 770
257 654
666 149
531 931
501 935
759 287
866 703
929 533
887 102
123 786
154 913
715 484
588 475
608 114
410 465
753 650
719 83
906 986
139 509
294 822
795 677
182 964
384 545
284 315
81 741
342 372
97 323
783 318
462 558
173 279
703 31
878 142
72 900
261 285
962 426
890 68
500 93
149 242
766 402
152 670
192 111
392 982
313 150
7 333
613 645
454 167
448 977
700 746
159 313
372 349
923 277
530 240
890 149
502 747
133 159
543 371
4 103
499 339
141 315
921 168
789 553
682 120
196 961
352 756
539 100
40 7
885 403
184 663
697 335
39 402
519 756
422 703
42 322
171 31
887 118
712 574
299 119
542 475
704 381
846 372
992 614
158 632
732 376
11 565
789 453
539 98
412 770
969 114
211 180
570 589
899 744
481 831
100 20
