512
34 14
109 18
64 82
103 99
46 76
34 107
33 21
42 10
86 48
89 68
18 31
2 33
88 93
87 62
66 28
68 35
91 45
57 13
49 32
46 15
103 107
5 5
98 65
95 8
78 48
57 28
82 43
22 96
34 90
95 78
22 55
107 76
62 68
15 71
21 100
31 6
48 102
1 20
109 21
53 40
49 89
59 81
8 100
62 35
28 52
82 107
90 16
21 85
46 104
72 104
72 56
90 35
10 1
85 47
42 29
45 19
40 100
73 68
19 4
39 57
10 63
77 36
93 99
62 63
26 2
40 13
87 4
12 36
83 78
85 19
75 89
59 53
59 18
62 50
35 89
16 93
104 51
56 104
93 88
98 51
95 41
13 72
71 11
71 92
91 23
38 18
102 86
69 86
80 67
25 32
24 95
48 52
108 13
71 99
72 74
6 98
78 101
15 22
109 80
62 81
105 74
2 55
100 87
85 38
105 31
27 71
52 82
87 13
9 28
11 70
24 30
76 60
10 105
66 44
46 33
44 20
109 71
71 47
91 6
16 15
46 80
10 97
12 50
79 89
29 29
11 10
95 49
41 3
53 22
62 22
8 21
80 2
25 31
9 101
60 20
101 97
2 11
108 38
41 23
12 95
86 88
53 90
75 64
33 8
5 91
77 64
26 23
13 70
54 30
74 82
108 26
94 78
80 8
66 20
21 28
53 23
42 10
52 2
94 52
99 106
74 19
83 103
33 42
45 41
86 11
67 82
59 74
58 15
41 88
62 29
51 109
73 43
56 67
29 91
29 83
59 106
82 75
2 44
21 44
11 106
27 40
42 68
79 50
19 26
41 44
105 9
47 53
65 65
80 56
16 68
1 37
32 106
21 24
39 61
42 15
9 81
102 13
97 51
79 14
57 104
36 39
67 64
3 22
13 72
42 103
100 90
9 23
12 66
60 42
12 60
69 48
108 74
62 10
43 63
1 34
54 14
31 60
10 25
1 109
105 109
25 54
63 79
53 58
22 11
84 46
93 3
44 7
63 62
94 90
18 43
107 60
85 10
58 13
49 41
57 81
30 48
60 25
63 70
60 28
26 29
34 84
57 108
5 94
58 87
68 31
23 81
50 45
37 95
76 105
54 87
21 34
21 5
103 58
19 62
39 92
36 58
40 34
50 69
38 65
24 96
107 38
8 9
77 4
11 23
81 7
73 81
24 68
86 6
68 2
8 60
57 91
17 84
36 17
2 33
61 26
88 7
9 83
52 64
42 24
24 99
104 82
48 82
95 61
78 53
76 94
62 70
63 91
41 36
28 39
71 90
16 50
17 101
45 2
47 9
62 19
29 29
30 73
101 98
84 106
91 64
107 84
93 12
14 77
36 85
1 84
71 24
49 85
1 33
31 80
20 99
67 48
19 20
8 97
87 56
3 58
62 26
30 54
18 48
22 76
98 42
71 11
18 8
41 68
71 99
56 81
3 82
107 105
19 78
20 18
66 29
77 86
76 8
89 79
6 52
68 8
53 38
19 36
94 86
34 10
104 98
55 88
2 61
40 90
84 9
93 51
101 86
28 3
79 24
9 54
104 41
103 51
25 37
48 70
18 90
17 34
39 105
31 77
104 18
5 82
78 91
36 34
27 62
109 14
67 12
84 99
66 105
10 14
28 67
69 78
76 96
83 106
47 89
46 30
39 87
100 16
106 8
76 36
76 74
93 9
72 82
34 32
23 72
38 104
28 29
97 92
40 106
17 7
35 54
96 77
22 32
56 85
49 75
42 109
29 63
2 52
3 37
59 22
37 35
54 5
88 26
20 72
66 23
52 33
32 33
82 44
23 93
96 98
100 1
96 71
77 52
14 20
61 17
56 77
11 25
58 26
91 73
48 86
78 79
34 107
81 102
52 15
46 68
103 21
3 104
54 78
103 99
16 82
69 30
86 19
47 67
75 40
106 14
91 42
99 87
98 87
91 31
104 36
25 49
1 31
25 36
72 59
87 25
87 59
19 106
12 9
2 73
87 11
10 108
81 24
81 13
27 107
103 43
60 68
27 44
14 51
15 93
108 30
74 80
48 72
10 74
83 36
83 14
49 3
4 103
98 17
53 66
7 7
36 22
29 39
20 107
78 20
51 2
104 94
67 73
84 52
51 65
44 11
77 20
24 54
57 62
100 55
93 87
101 105
86 27
69 100
4 55
60 23
65 73
73 50
66 11
101 20
29 101
78 35
79 11
106 61
73 96
39 84
91 61
26 53
102 82
25 82
63 105
10 2
99 36
94 44
109 2
43 19
52 98
15 24
34 69
76 94
10 10
