512
99 4
103 29
72 91
75 2
77 37
85 108
103 41
90 14
17 2
88 29
95 91
107 101
14 64
54 37
82 74
75 76
75 55
60 74
22 60
101 108
96 50
82 34
62 3
64 109
39 95
19 73
31 108
105 79
76 94
49 31
39 44
104 104
72 18
66 12
84 67
21 96
98 65
61 74
105 73
87 68
53 10
90 39
92 87
105 108
57 71
40 64
38 60
59 96
13 46
52 60
61 84
4 10
39 78
91 105
67 21
86 34
14 31
61 67
59 69
97 107
35 57
82 56
94 70
82 39
26 49
12 16
89 85
39 48
2 19
4 13
53 108
22 33
54 109
91 13
27 7
74 72
11 11
1 80
89 24
56 16
54 34
60 33
70 104
79 28
35 66
89 23
68 60
24 19
79 21
27 42
56 5
29 103
17 85
87 71
7 71
40 99
42 51
94 107
51 69
35 48
76 42
70 103
95 41
99 53
97 46
92 67
102 19
25 18
61 18
87 29
81 102
101 41
71 86
89 15
50 80
85 31
9 59
31 51
11 63
16 22
80 20
72 86
68 106
92 51
36 78
6 16
82 4
20 82
41 23
25 21
92 54
79 101
89 67
22 103
32 34
41 97
72 31
25 36
12 109
38 58
20 77
18 45
41 81
16 45
96 49
67 40
33 6
8 14
8 64
103 40
35 6
30 46
27 44
91 53
37 72
56 35
88 100
106 11
33 75
70 66
30 51
108 17
7 25
36 77
45 70
75 77
65 26
24 107
50 73
53 60
55 39
93 92
69 39
41 101
73 82
40 81
40 18
64 13
47 64
98 61
103 80
19 78
100 65
85 11
30 75
33 80
58 83
43 99
76 28
58 76
60 2
45 109
22 52
22 9
58 80
19 46
109 101
23 78
2 31
75 56
67 7
42 85
40 96
73 47
103 65
38 81
99 43
37 31
60 101
48 26
37 86
40 74
20 97
57 25
99 50
37 99
54 97
84 78
20 54
18 80
100 82
59 28
109 68
93 51
9 12
60 39
98 10
85 1
22 42
26 82
3 87
36 45
91 51
48 66
13 83
81 90
6 104
57 39
44 47
28 60
50 102
27 105
3 20
93 33
37 22
53 97
61 1
55 88
30 47
69 69
100 104
109 40
107 33
9 84
21 10
83 61
65 24
76 5
41 78
72 3
31 96
28 92
92 107
16 82
45 62
100 58
96 21
36 70
89 72
42 63
82 85
36 53
59 90
58 8
93 15
80 38
25 108
86 91
1 90
63 94
50 101
44 37
50 91
21 77
84 56
96 75
61 101
29 23
49 14
55 5
65 109
8 44
51 103
18 36
20 39
68 30
92 54
28 4
1 7
14 33
88 28
49 84
54 82
82 56
7 34
43 36
55 24
64 79
102 8
7 61
52 13
19 4
83 48
28 12
42 29
40 98
40 5
101 90
96 42
86 63
22 85
59 6
17 94
62 3
88 48
96 79
79 73
108 5
96 86
8 10
8 51
58 19
97 64
42 68
52 88
31 24
61 81
27 12
9 3
34 7
4 80
74 73
102 105
91 19
7 98
51 30
52 77
82 91
20 26
92 33
77 46
98 30
50 11
106 45
62 12
5 68
81 84
32 60
98 3
47 55
28 53
12 22
51 39
1 86
5 52
36 29
56 74
33 60
68 87
44 78
67 67
92 35
46 81
56 71
81 21
77 17
73 23
88 91
72 79
11 93
32 13
105 9
18 20
61 107
61 79
86 95
105 94
42 73
10 84
50 1
50 84
8 99
22 75
96 12
84 103
108 50
8 59
42 16
9 31
105 37
9 29
43 47
89 93
86 50
6 73
18 86
31 48
48 36
12 87
30 11
63 109
11 70
11 62
92 101
61 109
90 32
84 52
42 46
2 108
77 53
96 68
58 71
59 44
40 62
82 98
70 54
106 5
58 23
30 20
100 58
66 11
52 52
78 54
41 74
96 28
91 20
70 37
57 17
90 1
2 73
47 60
2 99
40 62
3 26
88 60
30 79
96 78
108 101
35 42
10 48
6 61
39 45
20 109
7 76
19 93
77 16
106 10
108 42
4 78
41 41
17 68
85 98
30 70
9 25
30 90
66 79
43 95
2 86
104 94
22 28
90 54
38 61
48 17
32 44
21 18
20 84
62 103
77 3
53 75
52 60
18 15
97 106
71 22
94 28
17 93
19 100
68 18
98 61
27 31
48 36
10 58
7 48
43 52
4 36
79 12
32 63
98 31
71 3
5 96
105 96
19 39
56 71
77 66
25 97
78 107
90 57
7 11
69 6
28 87
42 1
72 18
73 43
