Without Genetic Algorithm:
Time: 2.82679 seconds
Area: 34004349
Dimensions:
847 94
968 211
985 502
76 901
354 310
225 659
832 76
292 354
735 338
761 283
204 436
687 15
15 340
354 100
395 233
349 758
663 858
917 797
902 385
566 752
31 165
761 36
589 171
854 429
760 39
418 867
599 5
360 226
325 698
558 910
653 65
962 388
194 827
55 124
429 288
884 509
807 886
490 575
167 47
682 962
873 192
163 976
993 232
283 213
561 476
876 863
324 723
279 321
876 638
326 981
931 529
59 852
111 494
648 490
534 934
759 609
664 318
660 767
458 831
544 162
789 612
946 562
242 311
241 663
Coordinates:
847 94
968 211
985 502
76 901
354 310
225 659
832 76
292 354
735 338
761 283
204 436
687 15
15 340
354 100
395 233
349 758
663 858
917 797
902 385
566 752
31 165
761 36
589 171
854 429
760 39
418 867
599 5
360 226
325 698
558 910
653 65
962 388
194 827
55 124
429 288
884 509
807 886
490 575
167 47
682 962
873 192
163 976
993 232
283 213
561 476
876 863
324 723
279 321
876 638
326 981
931 529
59 852
111 494
648 490
534 934
759 609
664 318
660 767
458 831
544 162
789 612
946 562
242 311
241 663
With Genetic Algorithm:
Time: 5.18123 seconds
Area: 35134984
Dimensions:
847 94
968 211
502 985
76 901
310 354
225 659
76 832
354 292
338 735
761 283
436 204
687 15
340 15
354 100
395 233
758 349
663 858
797 917
385 902
752 566
31 165
761 36
589 171
429 854
39 760
867 418
5 599
360 226
325 698
558 910
65 653
962 388
194 827
124 55
288 429
884 509
807 886
490 575
167 47
682 962
192 873
976 163
232 993
213 283
476 561
863 876
723 324
279 321
876 638
981 326
529 931
852 59
111 494
490 648
934 534
609 759
664 318
660 767
458 831
162 544
612 789
562 946
242 311
241 663
Coordinates:
847 94
968 211
502 985
76 901
310 354
225 659
76 832
354 292
338 735
761 283
436 204
687 15
340 15
354 100
395 233
758 349
663 858
797 917
385 902
752 566
31 165
761 36
589 171
429 854
39 760
867 418
5 599
360 226
325 698
558 910
65 653
962 388
194 827
124 55
288 429
884 509
807 886
490 575
167 47
682 962
192 873
976 163
232 993
213 283
476 561
863 876
723 324
279 321
876 638
981 326
529 931
852 59
111 494
490 648
934 534
609 759
664 318
660 767
458 831
162 544
612 789
562 946
242 311
241 663
