Without Genetic Algorithm:
Time: 93.7144 seconds
Area: 3911.6
Dimensions:
2 2.9
6.9 3.4
5.3 2.9
4.8 9.2
1.8 5.5
5 2
1.5 7.3
4.7 1.1
2.6 7.7
7.2 1.6
6.1 7.2
4.7 4.4
1.6 4.6
4.2 8.4
5.6 7.4
2.2 4.6
3.3 1.9
7.6 6.6
3.3 5.6
1.5 3.4
1.3 9.4
2.7 2.4
5.1 2.8
8.3 4.4
8 7.2
4.2 9.9
5.1 4.2
2.2 3.5
7.4 5.6
9.8 5.2
1.7 5.9
8.6 6.3
3.5 8.1
9.2 4.3
1.4 5.8
5.8 3.9
5.5 1.6
7.4 9.2
7.1 5.3
8 5.3
1.5 1.4
5.7 9
5.1 6.2
8 6.2
5.7 7
3 3.7
7.9 2.2
1.3 1.9
4.8 4.9
9.7 2.2
3.8 7.9
8.7 6
5.4 3
9.9 1.7
1.9 8.4
4.9 7.7
4.3 3.7
7.2 5.3
5 9.3
6.5 8
2.4 5.2
6.7 2.8
9.5 1.9
1.6 7
Coordinates:
32.2 19.1
18.5 41
55.6 16.8
29.6 31.1
48.1 5.2
33.9 43.2
33.9 49.2
1.3 10.1
60.9 12.6
38.9 40.3
5.7 53.6
27.5 23.1
9.6 1.7
25.4 30.8
14.3 33.6
47.6 35.7
19.9 30.8
19.9 23.1
51.3 16.8
26.5 58.1
0 10.1
35.1 31.3
14.3 30.8
41.4 31.3
47.6 41.9
41.3 6.9
48.1 0
11.1 46.6
11.1 41
26.7 1.7
55.6 40.3
5.7 19.5
23.2 1.7
11.8 57.3
23.2 9.8
0 0
19.9 19.1
26.5 44.4
34.2 9.8
32.2 24.4
32.2 29.7
47.6 49.1
51.3 5.2
18.5 44.4
0 19.5
41.4 27.6
5.8 7.9
49.7 10.7
14.3 18.2
25.4 41
5.8 0
38.9 43.2
5.7 30.8
9.6 0
24.6 9.8
14.3 23.1
18.5 53.6
34.2 19.1
26.5 9.8
41.4 19.6
41.3 0
41.4 16.8
13.7 7.9
49.7 27.6
With Genetic Algorithm:
Time: 113.448 seconds
Area: 2715.6
Dimensions:
2.9 2
6.9 3.4
2.9 5.3
4.8 9.2
5.5 1.8
5 2
7.3 1.5
1.1 4.7
2.6 7.7
7.2 1.6
6.1 7.2
4.4 4.7
4.6 1.6
8.4 4.2
5.6 7.4
4.6 2.2
1.9 3.3
7.6 6.6
3.3 5.6
1.5 3.4
1.3 9.4
2.4 2.7
2.8 5.1
4.4 8.3
8 7.2
4.2 9.9
4.2 5.1
2.2 3.5
7.4 5.6
5.2 9.8
1.7 5.9
6.3 8.6
3.5 8.1
9.2 4.3
1.4 5.8
3.9 5.8
1.6 5.5
7.4 9.2
7.1 5.3
5.3 8
1.5 1.4
9 5.7
5.1 6.2
8 6.2
7 5.7
3.7 3
7.9 2.2
1.9 1.3
4.8 4.9
9.7 2.2
3.8 7.9
8.7 6
5.4 3
9.9 1.7
8.4 1.9
4.9 7.7
4.3 3.7
7.2 5.3
5 9.3
8 6.5
5.2 2.4
6.7 2.8
9.5 1.9
1.6 7
Coordinates:
41.7 42.3
20.9 32.8
43.4 36.4
52.9 31.3
36.5 21.5
36.5 19.5
49.6 0
0 20.1
25.7 17.5
29.3 25.7
1.1 38.5
27.8 34.9
0 9.6
28.1 10.8
0 0
0 7.4
34.8 39.7
7.2 39.7
31.5 39.7
27.8 31.5
48.2 5.8
49 17.3
36.5 12.4
52.9 23
42 20
32.2 27.3
15.7 23.1
20.9 36.2
8.3 28.7
15.7 28.7
41.7 36.4
4.6 20.1
20.9 17.6
18.9 5
48.2 0
20.9 25.7
29.3 19.5
9.9 8.5
49.5 5.8
28.1 2.8
36.5 25.2
9.9 2.8
42 27.2
49.5 11.1
51.4 17.3
10.9 20.1
18.9 2.8
20.9 31.5
18.9 10.8
39.3 17.3
38.3 2.8
22.8 39.7
47.5 33.4
38.3 10.7
17.3 15.7
33.4 2.8
5.6 2.8
1.1 28.7
36.7 37.2
14.8 39.7
5.6 17.7
5.6 0
38 33.4
42.1 2.8
