Without Genetic Algorithm:
Time: 79.9408 seconds
Area: 3916.52
Dimensions:
6.8 3.8
4 7.2
4 3.8
1.1 3.1
8.4 2.8
3.7 1.5
7.9 6.9
1.1 8.9
3.8 3.7
3.8 7.7
4.6 4.1
6.2 6.1
5.7 9.3
9.2 1.1
8.7 7.3
8 5
5 6.1
7.9 4.8
5.4 7.7
9 5.7
9.6 7.4
2 3.2
3.8 7
4.5 5
8.7 5.5
3.5 7.5
1.9 7.1
8.5 9.1
5.1 9.2
1.1 2.7
4.5 7.5
9.3 5.5
1.9 1.9
8.6 1.8
1.2 7.1
7.5 1.7
9.3 3
6.2 4.3
5.9 6
1.2 9.7
8.5 4.9
2.4 5.7
6.3 8.4
3.8 1.3
7.1 7.7
1.2 2.2
6.3 3.8
8.8 10
6.3 3.4
6.5 8.7
9.6 3.3
7.1 3.2
9 4.2
6.6 8
1.9 1.8
4.2 9.8
5.4 1.2
6.1 7.2
4.6 5.8
7.8 5.2
6.6 1.7
6.6 3.3
9.7 1.5
3.9 2.4
Coordinates:
8 1.3
30.2 38.5
57.2 30
38.7 38.9
56.5 7.1
37 42
37 45.3
21.6 1.3
66.2 23.2
64.9 15.5
13.3 25.2
21.6 10.2
0 13
26.6 20.5
7.1 31.3
0 0
21.6 23.3
7.1 20.4
48.4 39.3
28 45.7
12 13
48.4 24.3
21.6 16.3
50.4 24.3
48.4 47
15.8 29.4
56.5 0
30.2 29.4
15.8 36.9
37 38.9
57.1 39.3
20.9 36.9
39 9.8
37 43.5
22.7 0
30.2 21.6
47.2 9.8
7.1 25.2
57.2 15.6
38.7 22.8
38.7 32.5
57.2 24.3
64.9 7.1
8 0
0 22.3
47.2 15.6
5.7 13
48.4 29.3
23.9 0
48.4 15.6
7.1 51.4
20.9 42.4
25.4 16.3
0 5
7.1 29.5
34.4 0
66.2 26.9
37.7 15.6
34.4 9.8
61.6 28.1
40.9 0
59.6 23.2
38.7 37.4
15.8 46.1
With Genetic Algorithm:
Time: 136.762 seconds
Area: 3065.04
Dimensions:
6.8 3.8
7.2 4
3.8 4
3.1 1.1
8.4 2.8
3.7 1.5
6.9 7.9
8.9 1.1
3.8 3.7
7.7 3.8
4.6 4.1
6.1 6.2
9.3 5.7
1.1 9.2
8.7 7.3
5 8
6.1 5
7.9 4.8
5.4 7.7
5.7 9
9.6 7.4
2 3.2
7 3.8
5 4.5
8.7 5.5
7.5 3.5
1.9 7.1
9.1 8.5
5.1 9.2
1.1 2.7
7.5 4.5
5.5 9.3
1.9 1.9
8.6 1.8
7.1 1.2
7.5 1.7
3 9.3
4.3 6.2
5.9 6
9.7 1.2
4.9 8.5
5.7 2.4
6.3 8.4
1.3 3.8
7.1 7.7
2.2 1.2
6.3 3.8
8.8 10
3.4 6.3
8.7 6.5
9.6 3.3
7.1 3.2
9 4.2
6.6 8
1.8 1.9
4.2 9.8
1.2 5.4
7.2 6.1
4.6 5.8
5.2 7.8
1.7 6.6
3.3 6.6
9.7 1.5
2.4 3.9
Coordinates:
40.7 40.9
12.8 36.7
36.9 40.9
26.7 15.6
26.7 20.3
11.6 25.4
35 0
9 7.3
31.6 34.7
13.3 40.7
0 45.9
5.5 13.9
4.6 52.4
23 11.1
0 0
28.1 50.9
5.5 31.7
13.9 48.7
1.2 36.7
20 25.4
39.8 15.1
38.5 22.5
24.9 11.8
46.6 30.2
35.1 25.7
35.1 31.2
21 40.9
40.6 50.9
6.6 36.7
11.7 36.7
33.1 50.9
13.4 26.9
23 20.3
9 8.4
37.4 7.9
11.6 13.9
26.7 23.1
1.2 13.9
38.5 9.1
0 58.1
26.7 32.4
1.2 11.5
21.8 48.7
38.5 15.1
43.8 22.5
15.3 25.4
19.1 7.3
28.1 40.9
5.5 25.4
4.6 45.9
25.4 6.6
13.9 53.5
0 7.3
31.9 11.8
24.9 20.3
11.6 15.6
0 11.5
15.8 15.6
40.7 44.7
22.9 40.9
11.7 26.9
8.7 0
36.9 34.7
35 7.9
