Without Genetic Algorithm:
Time: 86.665 seconds
Area: 3793.2
Dimensions:
3 4.8
9.4 2.3
8.4 4.9
4 4.7
1.7 6.8
4.7 1.2
9.4 8.2
1.7 5.1
5.2 7.3
1.6 1.3
6.1 4.5
2.9 5
4.6 3.7
5.4 2.2
2.6 1.3
7 6.8
2.7 6.6
7.1 7.9
1.1 5.9
7.7 9.1
7.3 9.6
7.3 1.8
1.2 3.8
8.1 1.6
3.8 6.5
9.9 5.7
3.4 8.8
9.9 1.1
8.2 4.2
5.4 1.4
7.3 4
2.9 8
9.1 8.8
1.8 6.7
4.4 5.5
2.5 7.3
5.3 2
2.7 8.5
9.6 1.6
4.9 2.4
2.6 4.4
1.4 9.3
10 2.6
7.5 3.6
5.8 5.7
2.2 4.1
3.9 9
7.9 3
4.6 3.2
1.5 4.6
8.8 4.7
5.2 6.1
8.2 9.1
5.1 3.1
9.4 4.4
5.1 9.9
8.7 8.4
3.7 8
7.4 3.6
5.8 8.4
9 7.2
3.1 8.6
2.1 6.9
8.7 5.1
Coordinates:
50.3 34.9
6.3 36.4
0 19.8
28.8 34.9
50.8 7.2
32.6 25.9
45.1 60
3.4 11
36.1 36.2
50.8 0
19.2 28.6
10.6 16.1
5.1 4.7
24.5 6.9
3.7 43.8
38.9 43.5
16.5 28.5
9.4 28.5
37.8 43.5
30.1 53
37.8 60
28.8 33.1
18.5 20.4
24.5 21.8
3.7 53.7
6.3 48
0 11
8.8 0
6.3 43.8
24.5 20.4
37.8 50.3
0 35.8
29.9 9.1
0 29.1
45.9 34.9
16.2 36.4
19.2 24.2
25.1 39.6
19.2 33.1
19.2 26.2
10.6 21.1
23.7 43.7
0 8.4
16.2 43.8
37.8 54.3
8.4 16.1
44.3 25.9
10.6 25.5
44.8 17.7
19.2 34.7
0 0
24.9 53
36.1 27.1
0 4.7
0 24.7
13.5 10.5
39 9.1
0 43.8
10.6 6.9
39 17.5
39 0
47.7 9.1
18.7 0
16.2 53
With Genetic Algorithm:
Time: 115.807 seconds
Area: 3024.75
Dimensions:
4.8 3
9.4 2.3
8.4 4.9
4 4.7
1.7 6.8
4.7 1.2
9.4 8.2
5.1 1.7
5.2 7.3
1.6 1.3
4.5 6.1
5 2.9
3.7 4.6
5.4 2.2
2.6 1.3
6.8 7
6.6 2.7
7.1 7.9
5.9 1.1
9.1 7.7
7.3 9.6
1.8 7.3
3.8 1.2
8.1 1.6
3.8 6.5
5.7 9.9
8.8 3.4
9.9 1.1
4.2 8.2
1.4 5.4
4 7.3
8 2.9
9.1 8.8
1.8 6.7
5.5 4.4
2.5 7.3
2 5.3
2.7 8.5
9.6 1.6
4.9 2.4
4.4 2.6
1.4 9.3
2.6 10
3.6 7.5
5.8 5.7
4.1 2.2
3.9 9
3 7.9
3.2 4.6
4.6 1.5
4.7 8.8
5.2 6.1
8.2 9.1
5.1 3.1
4.4 9.4
5.1 9.9
8.4 8.7
3.7 8
7.4 3.6
8.4 5.8
9 7.2
8.6 3.1
6.9 2.1
8.7 5.1
Coordinates:
25.3 47.6
7.1 36.4
6.8 4.4
36.2 17.8
40.6 22.5
18.7 15.2
31 0
3.7 16.5
36.2 29.3
17.1 33.7
0 46.5
16.5 39.6
0 8.3
20.9 13
0 0
0 1.3
33.5 38.7
0 38.6
25.3 46.5
18.7 26
36.2 8.2
48.7 23.5
26.3 13
33.1 46.5
44.9 22.5
27.8 36.6
16.5 36.2
8.8 16.5
4.9 28.2
0 22.8
41.2 46.5
9.1 33.3
18.7 17.2
19.1 0
6.8 0
9.1 26
7.1 38.7
0 12.9
43.5 8.2
0 36.2
36.2 22.5
51.3 23.5
42.3 22.5
43.5 9.8
48.7 17.8
30.1 15
15.2 0
30.1 47.6
2.7 18.2
40.2 17.8
26.3 3.1
15.5 42.5
43.1 32.5
30.1 11.9
27.8 25.9
20.9 3.1
27.8 17.2
0 28.2
33.5 41.6
7.1 44
6.8 9.3
20.9 0
36.2 36.6
45.2 41.6
