Without Genetic Algorithm:
Time: 2.29633 seconds
Area: 31373426
Dimensions:
476 288
20 938
698 773
768 444
271 918
805 605
123 715
92 304
976 13
413 880
262 586
817 896
328 812
412 930
976 772
710 772
746 413
936 915
813 10
130 86
483 626
484 503
286 459
289 464
447 891
292 179
134 892
695 481
860 306
35 394
479 6
660 519
117 408
576 416
463 305
276 794
981 906
274 546
519 490
213 194
388 136
141 358
386 987
840 848
83 871
969 526
321 57
45 138
718 424
111 481
861 722
451 710
535 95
724 243
197 108
148 756
21 33
129 489
664 14
997 329
179 422
590 646
154 958
873 677
Coordinates:
476 288
20 938
698 773
768 444
271 918
805 605
123 715
92 304
976 13
413 880
262 586
817 896
328 812
412 930
976 772
710 772
746 413
936 915
813 10
130 86
483 626
484 503
286 459
289 464
447 891
292 179
134 892
695 481
860 306
35 394
479 6
660 519
117 408
576 416
463 305
276 794
981 906
274 546
519 490
213 194
388 136
141 358
386 987
840 848
83 871
969 526
321 57
45 138
718 424
111 481
861 722
451 710
535 95
724 243
197 108
148 756
21 33
129 489
664 14
997 329
179 422
590 646
154 958
873 677
With Genetic Algorithm:
Time: 4.18358 seconds
Area: 30030065
Dimensions:
288 476
20 938
698 773
444 768
271 918
805 605
123 715
304 92
13 976
880 413
262 586
817 896
328 812
412 930
772 976
772 710
413 746
915 936
813 10
86 130
626 483
503 484
286 459
289 464
891 447
292 179
134 892
695 481
306 860
35 394
6 479
519 660
117 408
576 416
305 463
276 794
906 981
274 546
490 519
213 194
136 388
358 141
987 386
848 840
871 83
969 526
57 321
138 45
424 718
111 481
861 722
710 451
535 95
243 724
108 197
756 148
33 21
489 129
664 14
329 997
422 179
590 646
154 958
873 677
Coordinates:
288 476
20 938
698 773
444 768
271 918
805 605
123 715
304 92
13 976
880 413
262 586
817 896
328 812
412 930
772 976
772 710
413 746
915 936
813 10
86 130
626 483
503 484
286 459
289 464
891 447
292 179
134 892
695 481
306 860
35 394
6 479
519 660
117 408
576 416
305 463
276 794
906 981
274 546
490 519
213 194
136 388
358 141
987 386
848 840
871 83
969 526
57 321
138 45
424 718
111 481
861 722
710 451
535 95
243 724
108 197
756 148
33 21
489 129
664 14
329 997
422 179
590 646
154 958
873 677
