Without Genetic Algorithm:
Time: 2.95752 seconds
Area: 268383393670
Dimensions:
5005 70064
57471 5767
32375 40809
1243 20087
13681 92819
39640 90224
54334 32745
33523 11859
54759 80946
30218 11602
76508 74432
93466 1060
52525 82759
22535 29156
34482 60802
50808 20536
30994 87494
93075 33051
11193 70382
83305 52325
43527 89841
73377 23107
72395 42104
97280 73079
53529 3545
1678 87949
88958 93535
58177 4715
51201 24807
26768 44080
46051 18066
3172 32075
18457 51673
95454 36116
1362 44350
38123 52402
37676 7899
28220 76537
49430 43560
16937 46814
50200 52700
68337 18227
45860 61601
96433 19734
18975 44210
76192 5297
5353 78111
52185 65248
3677 3296
63611 98659
28336 42726
25184 2487
2758 58310
1520 91301
42533 78446
51504 20791
70691 47107
47935 65564
91614 28016
34898 12142
30376 29563
2918 60394
87993 29528
19654 53925
Coordinates:
5005 70064
57471 5767
32375 40809
1243 20087
13681 92819
39640 90224
54334 32745
33523 11859
54759 80946
30218 11602
76508 74432
93466 1060
52525 82759
22535 29156
34482 60802
50808 20536
30994 87494
93075 33051
11193 70382
83305 52325
43527 89841
73377 23107
72395 42104
97280 73079
53529 3545
1678 87949
88958 93535
58177 4715
51201 24807
26768 44080
46051 18066
3172 32075
18457 51673
95454 36116
1362 44350
38123 52402
37676 7899
28220 76537
49430 43560
16937 46814
50200 52700
68337 18227
45860 61601
96433 19734
18975 44210
76192 5297
5353 78111
52185 65248
3677 3296
63611 98659
28336 42726
25184 2487
2758 58310
1520 91301
42533 78446
51504 20791
70691 47107
47935 65564
91614 28016
34898 12142
30376 29563
2918 60394
87993 29528
19654 53925
With Genetic Algorithm:
Time: 12.3369 seconds
Area: 239813305108
Dimensions:
70064 5005
5767 57471
32375 40809
1243 20087
92819 13681
90224 39640
54334 32745
33523 11859
80946 54759
11602 30218
76508 74432
93466 1060
52525 82759
22535 29156
34482 60802
50808 20536
30994 87494
93075 33051
11193 70382
83305 52325
89841 43527
23107 73377
42104 72395
97280 73079
53529 3545
87949 1678
88958 93535
58177 4715
51201 24807
44080 26768
18066 46051
3172 32075
51673 18457
95454 36116
1362 44350
38123 52402
37676 7899
76537 28220
43560 49430
46814 16937
52700 50200
18227 68337
45860 61601
19734 96433
44210 18975
5297 76192
5353 78111
52185 65248
3677 3296
98659 63611
28336 42726
25184 2487
58310 2758
1520 91301
78446 42533
20791 51504
70691 47107
65564 47935
28016 91614
12142 34898
29563 30376
60394 2918
87993 29528
19654 53925
Coordinates:
70064 5005
5767 57471
32375 40809
1243 20087
92819 13681
90224 39640
54334 32745
33523 11859
80946 54759
11602 30218
76508 74432
93466 1060
52525 82759
22535 29156
34482 60802
50808 20536
30994 87494
93075 33051
11193 70382
83305 52325
89841 43527
23107 73377
42104 72395
97280 73079
53529 3545
87949 1678
88958 93535
58177 4715
51201 24807
44080 26768
18066 46051
3172 32075
51673 18457
95454 36116
1362 44350
38123 52402
37676 7899
76537 28220
43560 49430
46814 16937
52700 50200
18227 68337
45860 61601
19734 96433
44210 18975
5297 76192
5353 78111
52185 65248
3677 3296
98659 63611
28336 42726
25184 2487
58310 2758
1520 91301
78446 42533
20791 51504
70691 47107
65564 47935
28016 91614
12142 34898
29563 30376
60394 2918
87993 29528
19654 53925
