Without Genetic Algorithm:
Time: 77.7443 seconds
Area: 4230.6
Dimensions:
7 9.6
4.2 6.1
4.1 8.9
8.2 5.6
8.1 3.9
6 5.8
9 4.9
9.8 8.4
7.8 8.6
5.5 6.8
6.1 8.3
7.7 7.7
7.2 8.8
7.7 8.3
4.1 1.5
4.5 9.8
2.2 1
1.1 3.4
5.2 7
7.3 1.7
5.9 3.5
5.9 1
9.2 4.9
3.9 5.6
8.6 9.2
5.6 9.6
8.2 5.2
6.6 5.7
1.8 8.4
3.8 4.5
1.9 4.5
4.5 8.9
4.2 7.1
5.3 3.5
3.6 10
2.8 7
2 2.2
7.9 7.7
7.1 2.2
2.1 6.7
9.8 4.4
6.1 9.9
4.1 8.5
9.7 4
8.1 6.7
4.4 7.8
4.2 7.7
7.2 6.4
9.7 7.5
3.1 2.3
8.4 6.3
9.7 6.9
2.7 3.4
2.6 10
3.5 5.4
4.6 3.1
6.7 7.9
5.3 7.4
3.6 9.1
9.7 8.1
6.5 9.3
4.2 5.9
2.7 9.7
6 1.7
Coordinates:
50.4 19.6
32.4 26.6
43.5 29.2
6.7 8.8
39.6 38.1
0 14.4
10.5 22.6
16.1 8.8
52.9 47.8
38.6 56.4
27.6 33.3
8.4 0
16.1 0
24.7 24.9
40.7 5.2
61 29.2
20.6 24.9
19.5 24.9
47.7 47.8
16.7 42.5
54.6 5.2
33.7 33.3
10.1 34
39.6 29.2
26.4 54.9
31 7.5
40.7 0
10.1 42.5
19.3 30.6
6.7 14.4
22.8 24.9
36.6 17.7
32.4 47.8
54.9 29.2
27.4 0
50.4 35.6
8.1 34
19.5 17.2
41.1 19.6
36.6 26.6
44.8 5.2
54.9 32.7
36.6 7.5
16.7 44.2
0 27.5
60.7 42.6
60.5 8.7
47.7 29.2
31 0
57.4 8.7
0 0
16.7 49.5
8.1 30.6
50.4 9.6
14.9 17.2
8.1 27.5
0 6.3
60.7 50.4
35 54.9
40.7 9.6
21.1 33.2
10.1 48.2
47.7 38.1
26.4 47.8
With Genetic Algorithm:
Time: 132.384 seconds
Area: 3812.94
Dimensions:
7 9.6
6.1 4.2
8.9 4.1
5.6 8.2
8.1 3.9
6 5.8
4.9 9
8.4 9.8
7.8 8.6
6.8 5.5
8.3 6.1
7.7 7.7
8.8 7.2
8.3 7.7
4.1 1.5
9.8 4.5
2.2 1
1.1 3.4
5.2 7
1.7 7.3
5.9 3.5
5.9 1
4.9 9.2
3.9 5.6
8.6 9.2
9.6 5.6
8.2 5.2
6.6 5.7
1.8 8.4
3.8 4.5
4.5 1.9
8.9 4.5
4.2 7.1
5.3 3.5
10 3.6
2.8 7
2.2 2
7.7 7.9
7.1 2.2
2.1 6.7
4.4 9.8
9.9 6.1
8.5 4.1
4 9.7
8.1 6.7
4.4 7.8
4.2 7.7
7.2 6.4
7.5 9.7
2.3 3.1
8.4 6.3
9.7 6.9
2.7 3.4
2.6 10
5.4 3.5
4.6 3.1
6.7 7.9
7.4 5.3
3.6 9.1
8.1 9.7
9.3 6.5
5.9 4.2
2.7 9.7
1.7 6
Coordinates:
50.9 44.2
46 18.7
43.3 40.1
35.5 16.3
39.9 26.4
25.2 17.1
49.4 0
9.8 19.1
43.3 31.5
25.2 33.5
1.8 48.6
54.4 18.7
0 10.6
25.2 9.4
0 17.8
0 6.1
19.7 44.2
10.1 48.6
21.2 54.4
32 37.3
37.8 9
54.4 26.4
41.1 16.3
57.6 27.4
21.2 45.2
33.7 37.3
19.7 39
47.3 53.8
0 46.4
15.9 38.6
26.4 57.8
16.3 28.9
27.3 22.9
16.5 7.7
39.4 0
32.7 22.9
35.5 25.5
16.5 11.2
4.1 46.4
25.2 22.9
35.5 27.5
0 0
48 27.4
46 9
32 51.1
11.5 38.6
16.5 0
40.1 51.1
8.8 28.9
52.1 18.7
21.8 0
11.5 46.4
54.9 31.5
33.5 6.3
27.3 30
24.2 6.3
9.8 6.1
4.1 38.6
47.3 44.2
52.1 9
32 44.6
33.5 0
52.2 31.5
36.1 9
