Without Genetic Algorithm:
Time: 2.95604 seconds
Area: 34308768
Dimensions:
275 993
469 89
705 938
490 255
725 295
207 778
696 146
349 744
310 3
271 309
208 922
665 153
216 985
426 234
448 9
459 488
570 392
589 816
964 560
248 989
668 915
232 83
159 238
162 356
37 340
705 797
798 873
821 159
649 388
345 709
999 522
592 914
404 492
783 483
109 380
222 628
719 775
500 16
651 12
474 505
851 743
809 590
531 149
383 452
691 556
256 785
791 975
781 257
619 872
924 473
890 755
958 907
315 94
987 124
508 717
547 204
364 58
754 226
852 273
580 821
31 947
467 164
600 445
310 91
Coordinates:
275 993
469 89
705 938
490 255
725 295
207 778
696 146
349 744
310 3
271 309
208 922
665 153
216 985
426 234
448 9
459 488
570 392
589 816
964 560
248 989
668 915
232 83
159 238
162 356
37 340
705 797
798 873
821 159
649 388
345 709
999 522
592 914
404 492
783 483
109 380
222 628
719 775
500 16
651 12
474 505
851 743
809 590
531 149
383 452
691 556
256 785
791 975
781 257
619 872
924 473
890 755
958 907
315 94
987 124
508 717
547 204
364 58
754 226
852 273
580 821
31 947
467 164
600 445
310 91
With Genetic Algorithm:
Time: 4.44252 seconds
Area: 30136580
Dimensions:
275 993
469 89
705 938
255 490
295 725
778 207
696 146
349 744
310 3
271 309
208 922
665 153
985 216
426 234
9 448
488 459
570 392
589 816
560 964
248 989
668 915
83 232
238 159
356 162
340 37
797 705
798 873
159 821
388 649
345 709
999 522
592 914
404 492
783 483
109 380
222 628
775 719
500 16
12 651
505 474
743 851
590 809
531 149
383 452
556 691
785 256
975 791
257 781
872 619
473 924
755 890
958 907
315 94
124 987
508 717
547 204
364 58
754 226
852 273
821 580
31 947
164 467
445 600
310 91
Coordinates:
275 993
469 89
705 938
255 490
295 725
778 207
696 146
349 744
310 3
271 309
208 922
665 153
985 216
426 234
9 448
488 459
570 392
589 816
560 964
248 989
668 915
83 232
238 159
356 162
340 37
797 705
798 873
159 821
388 649
345 709
999 522
592 914
404 492
783 483
109 380
222 628
775 719
500 16
12 651
505 474
743 851
590 809
531 149
383 452
556 691
785 256
975 791
257 781
872 619
473 924
755 890
958 907
315 94
124 987
508 717
547 204
364 58
754 226
852 273
821 580
31 947
164 467
445 600
310 91
