Without Genetic Algorithm:
Time: 4.33134 seconds
Area: 380493
Dimensions:
3 73
34 47
30 68
68 97
2 9
87 20
58 85
47 22
65 41
56 76
58 63
91 79
92 31
31 72
86 76
66 38
80 42
40 48
90 20
41 52
40 39
28 50
3 92
35 63
71 96
14 96
90 14
67 29
65 7
9 37
97 67
65 3
16 15
55 68
11 18
44 27
41 31
96 30
8 83
86 91
83 61
40 74
45 75
59 7
42 83
96 58
88 51
6 64
90 99
53 99
91 22
74 37
48 94
66 64
20 78
19 10
79 89
91 70
12 70
59 58
5 34
83 86
68 84
53 72
Coordinates:
3 73
34 47
30 68
68 97
2 9
87 20
58 85
47 22
65 41
56 76
58 63
91 79
92 31
31 72
86 76
66 38
80 42
40 48
90 20
41 52
40 39
28 50
3 92
35 63
71 96
14 96
90 14
67 29
65 7
9 37
97 67
65 3
16 15
55 68
11 18
44 27
41 31
96 30
8 83
86 91
83 61
40 74
45 75
59 7
42 83
96 58
88 51
6 64
90 99
53 99
91 22
74 37
48 94
66 64
20 78
19 10
79 89
91 70
12 70
59 58
5 34
83 86
68 84
53 72
With Genetic Algorithm:
Time: 5.13022 seconds
Area: 384514
Dimensions:
3 73
34 47
30 68
68 97
9 2
87 20
58 85
22 47
65 41
56 76
58 63
91 79
31 92
31 72
86 76
38 66
42 80
48 40
90 20
41 52
39 40
28 50
92 3
63 35
96 71
96 14
14 90
29 67
65 7
37 9
97 67
3 65
16 15
55 68
11 18
44 27
31 41
96 30
83 8
86 91
61 83
40 74
75 45
7 59
83 42
58 96
51 88
6 64
90 99
99 53
22 91
37 74
94 48
64 66
20 78
10 19
79 89
91 70
70 12
59 58
34 5
86 83
84 68
53 72
Coordinates:
3 73
34 47
30 68
68 97
9 2
87 20
58 85
22 47
65 41
56 76
58 63
91 79
31 92
31 72
86 76
38 66
42 80
48 40
90 20
41 52
39 40
28 50
92 3
63 35
96 71
96 14
14 90
29 67
65 7
37 9
97 67
3 65
16 15
55 68
11 18
44 27
31 41
96 30
83 8
86 91
61 83
40 74
75 45
7 59
83 42
58 96
51 88
6 64
90 99
99 53
22 91
37 74
94 48
64 66
20 78
10 19
79 89
91 70
70 12
59 58
34 5
86 83
84 68
53 72
