Without Genetic Algorithm:
Time: 69.0034 seconds
Area: 3410.52
Dimensions:
8.1 7.2
3.6 6.3
1.6 2.2
2.5 7.9
9.6 7.3
9.7 7.7
7.9 4.7
1.5 4.6
8.9 3.8
8.6 10
8 9.4
5.8 4
8.9 9.3
4.3 3.7
3.5 5.6
7.2 9.5
8.4 8
2.1 5
7.2 1.5
8.1 7.5
8.6 8.8
4.2 4
9.3 3
4.4 2.5
1.9 4.2
5.7 4.9
5.2 9.9
4.6 1.8
7.3 2.9
2.8 8.8
7.3 4.8
1.2 8.9
1.1 2.9
2 9.2
4.1 5.6
5.5 8.6
2.3 1.1
1.9 8.1
1.1 4.8
3.8 5.8
5.7 3.7
6.2 7.4
6.4 6.5
3.1 9.7
9.3 5.5
2.2 6.4
9.3 9.7
2.7 6.3
4.5 8.2
3.6 1.8
7.8 5.9
9.5 8.6
9.8 3.9
9.2 6.6
3.8 1.6
6.2 3.3
6.6 4.4
2.3 8.4
4.5 8.3
5.9 1.2
2.3 7.4
3.9 1.4
7.8 2.2
5.6 7.1
Coordinates:
40.4 18.6
4.5 30.4
46.1 40.7
47 45.1
37.9 7.4
2.8 0
38.4 53.9
23.6 1.8
46.1 36.9
49.6 18.6
29.9 6.4
17.8 1.8
40.4 25.8
0 23.2
4.5 36.7
8 41.3
8.1 30.4
9.3 17.7
20.7 21
16.4 38.4
38.4 45.1
30 33.6
11.4 17.7
41.7 35.1
27.9 19.9
16.5 30.5
47.5 0
30 37.6
8 38.4
0 0
2.8 7.7
15.2 41.3
16.4 45.9
0 42.3
10.1 7.7
24.5 33.6
20.7 19.9
0 8.8
48.5 18.6
22.9 24.1
24.5 29.9
34.2 19.9
49.6 9.9
14.7 1.8
0 17.7
20.7 24.1
11.4 20.7
30.2 24.1
0 26.9
12.5 0
24.5 42.2
16.4 49.5
37.9 14.7
20.7 13.3
32.3 42.2
8.5 13.3
1.9 13.3
36.1 44.7
49.3 28.6
29.9 15.8
37.9 0
24.5 48.1
46.1 42.9
36.1 37.6
With Genetic Algorithm:
Time: 132.43 seconds
Area: 3638.14
Dimensions:
8.1 7.2
6.3 3.6
2.2 1.6
7.9 2.5
9.6 7.3
9.7 7.7
4.7 7.9
4.6 1.5
8.9 3.8
10 8.6
8 9.4
4 5.8
9.3 8.9
3.7 4.3
3.5 5.6
9.5 7.2
8.4 8
2.1 5
7.2 1.5
7.5 8.1
8.6 8.8
4.2 4
3 9.3
4.4 2.5
1.9 4.2
4.9 5.7
5.2 9.9
1.8 4.6
7.3 2.9
2.8 8.8
4.8 7.3
8.9 1.2
1.1 2.9
2 9.2
5.6 4.1
5.5 8.6
1.1 2.3
8.1 1.9
1.1 4.8
3.8 5.8
3.7 5.7
7.4 6.2
6.4 6.5
9.7 3.1
9.3 5.5
6.4 2.2
9.3 9.7
2.7 6.3
8.2 4.5
1.8 3.6
7.8 5.9
9.5 8.6
9.8 3.9
9.2 6.6
1.6 3.8
6.2 3.3
6.6 4.4
8.4 2.3
8.3 4.5
1.2 5.9
7.4 2.3
1.4 3.9
7.8 2.2
7.1 5.6
Coordinates:
58.2 42
22.5 34.4
41 39.4
37.1 17.8
41 32.1
27.8 10.1
37.5 3.3
0 25.7
41 41
30.9 32.1
4.6 38
40.9 44.8
0 16.8
28.9 5.8
12.6 38
0 2.3
22.5 26.4
12.6 43.6
26.8 41
22.5 17.8
51.4 4.1
59.2 18.4
45 12.9
67.5 22.4
9.5 0
52.6 22.4
41 22.2
67.5 24.9
9.3 25.9
4.6 28.8
17.7 18.3
9.3 17.1
30 21.6
50.6 22.4
51.4 0
31.6 17.8
0 0
0 14.9
69.9 4.1
28.9 0
37.3 26.4
12.2 8.6
50.6 31.6
60 4.1
59.2 12.9
30.9 26.4
19.6 0
9.5 8.6
19.6 9.7
48 12.9
51.4 12.9
17.3 40.7
57.7 38.1
42.2 5.6
30 17.8
32.7 0
9.5 4.2
9.3 18.3
49.9 42
16.1 40.7
12.2 14.8
68.5 7.2
49.9 39.4
42.2 0
