Without Genetic Algorithm:
Time: 2.82909 seconds
Area: 3085103091
Dimensions:
2948 4985
92 156
331 7159
8266 4595
7553 6247
1708 4418
4858 5605
2841 3513
7527 4759
7725 1138
4319 4566
8301 9664
213 2058
1644 4855
1344 9539
7871 8413
5936 3305
30 9946
5347 5801
7613 2592
9597 6219
2128 2429
8557 4033
3574 1131
9079 1212
2804 8900
3941 659
500 9116
2791 9715
5751 1550
4760 5598
7544 90
5281 2079
8869 8130
8268 8068
3875 4805
6888 1876
6937 1271
6939 8612
1644 3141
9891 9107
7187 5209
4313 780
442 5424
701 9739
7170 8209
5374 6107
5859 4381
5386 5501
3655 4367
4307 6777
4890 2003
1144 8674
8844 4206
568 4961
8933 6884
5488 5812
6555 7819
3186 5217
687 3908
6193 6658
7438 738
3001 1153
1910 8958
Coordinates:
2948 4985
92 156
331 7159
8266 4595
7553 6247
1708 4418
4858 5605
2841 3513
7527 4759
7725 1138
4319 4566
8301 9664
213 2058
1644 4855
1344 9539
7871 8413
5936 3305
30 9946
5347 5801
7613 2592
9597 6219
2128 2429
8557 4033
3574 1131
9079 1212
2804 8900
3941 659
500 9116
2791 9715
5751 1550
4760 5598
7544 90
5281 2079
8869 8130
8268 8068
3875 4805
6888 1876
6937 1271
6939 8612
1644 3141
9891 9107
7187 5209
4313 780
442 5424
701 9739
7170 8209
5374 6107
5859 4381
5386 5501
3655 4367
4307 6777
4890 2003
1144 8674
8844 4206
568 4961
8933 6884
5488 5812
6555 7819
3186 5217
687 3908
6193 6658
7438 738
3001 1153
1910 8958
With Genetic Algorithm:
Time: 5.05899 seconds
Area: 3595087360
Dimensions:
2948 4985
92 156
7159 331
8266 4595
6247 7553
1708 4418
5605 4858
3513 2841
7527 4759
7725 1138
4319 4566
8301 9664
2058 213
1644 4855
1344 9539
8413 7871
5936 3305
9946 30
5347 5801
2592 7613
9597 6219
2128 2429
4033 8557
3574 1131
1212 9079
8900 2804
659 3941
9116 500
9715 2791
5751 1550
4760 5598
90 7544
5281 2079
8869 8130
8068 8268
3875 4805
6888 1876
6937 1271
8612 6939
3141 1644
9891 9107
5209 7187
780 4313
5424 442
9739 701
7170 8209
6107 5374
5859 4381
5501 5386
3655 4367
6777 4307
2003 4890
8674 1144
4206 8844
568 4961
8933 6884
5488 5812
6555 7819
5217 3186
687 3908
6658 6193
7438 738
3001 1153
1910 8958
Coordinates:
2948 4985
92 156
7159 331
8266 4595
6247 7553
1708 4418
5605 4858
3513 2841
7527 4759
7725 1138
4319 4566
8301 9664
2058 213
1644 4855
1344 9539
8413 7871
5936 3305
9946 30
5347 5801
2592 7613
9597 6219
2128 2429
4033 8557
3574 1131
1212 9079
8900 2804
659 3941
9116 500
9715 2791
5751 1550
4760 5598
90 7544
5281 2079
8869 8130
8068 8268
3875 4805
6888 1876
6937 1271
8612 6939
3141 1644
9891 9107
5209 7187
780 4313
5424 442
9739 701
7170 8209
6107 5374
5859 4381
5501 5386
3655 4367
6777 4307
2003 4890
8674 1144
4206 8844
568 4961
8933 6884
5488 5812
6555 7819
5217 3186
687 3908
6658 6193
7438 738
3001 1153
1910 8958
