Without Genetic Algorithm:
Time: 99.6168 seconds
Area: 3985.75
Dimensions:
8.7 7.4
6.7 9.3
3.1 3.1
9.4 7.2
5.6 3.1
9.1 1.6
3.8 9.7
4.5 3.3
7.8 8.1
6.9 5.8
7.4 2.5
6 6.6
1.4 5.3
2.8 7.2
4.9 2.4
2 4.5
6.7 7.5
8.2 3.2
3.1 5.7
9.9 8.8
6.3 7.6
1.5 6.6
7.5 7.6
1.4 7.3
8.5 9
4.5 3.3
9 6.9
4.6 6.3
5.2 9
3.6 3
6.9 7.2
1.1 7.5
1 1.1
7.8 5.2
9.9 5
6.8 9.3
1.6 8.9
3.5 5.2
3.2 7.2
1.5 3.6
4.8 5.2
7.3 9.1
1.3 4.9
2.3 9.5
2 5.3
8.3 1.2
6.9 5.8
5.6 4
4.6 4.8
8 3.6
2.8 2
4.4 9
7.8 5.3
9.8 3.9
3.2 3.9
8.7 3.7
9.5 3.8
2.5 3.5
3.4 9.4
3.7 1.1
4.4 4.9
1.4 3.1
9.4 8
8.7 9.3
Coordinates:
29.4 14.1
38.4 38.5
37.2 60
29 46.5
33 5.8
0 11.2
0 32
18.5 5.8
2.3 22.5
18.5 0
42.5 15.2
10.5 28.8
9.1 11.9
23.5 25.6
38.6 5.8
43.5 10.7
3.8 32
10.1 25.6
30.9 32.8
20 65.2
40.3 60
22.2 39.9
15 18
45.1 34.8
13.7 41.9
10.5 18
40.3 67.6
29.9 53.7
18.3 25.6
46.5 34.8
46.6 60
0 3.7
16.5 34.6
7.3 69
18.5 9.1
22.2 46.5
51.9 15.2
3.8 50.9
10.5 35.7
3.8 42.9
26.1 32.8
29.9 60
51.9 24.1
0 22.5
0 17.2
30.9 30.8
22.5 18
39.2 30.8
28.4 9.1
42.5 21.5
18.3 39.9
38.1 21.5
18.3 34.6
8.7 0
18.5 14.1
0 0
10.5 65.2
0 41.7
22.2 55.8
26.3 30.8
43.5 5.8
50.5 15.2
9.1 3.9
29.4 21.5
With Genetic Algorithm:
Time: 90.5282 seconds
Area: 3164.98
Dimensions:
7.4 8.7
6.7 9.3
3.1 3.1
9.4 7.2
5.6 3.1
9.1 1.6
3.8 9.7
3.3 4.5
7.8 8.1
6.9 5.8
7.4 2.5
6.6 6
1.4 5.3
7.2 2.8
4.9 2.4
4.5 2
7.5 6.7
3.2 8.2
3.1 5.7
8.8 9.9
7.6 6.3
1.5 6.6
7.6 7.5
1.4 7.3
8.5 9
3.3 4.5
6.9 9
6.3 4.6
5.2 9
3 3.6
7.2 6.9
7.5 1.1
1 1.1
7.8 5.2
5 9.9
6.8 9.3
8.9 1.6
3.5 5.2
3.2 7.2
1.5 3.6
5.2 4.8
7.3 9.1
4.9 1.3
9.5 2.3
2 5.3
1.2 8.3
6.9 5.8
4 5.6
4.6 4.8
3.6 8
2.8 2
4.4 9
7.8 5.3
9.8 3.9
3.9 3.2
8.7 3.7
3.8 9.5
2.5 3.5
3.4 9.4
1.1 3.7
4.4 4.9
1.4 3.1
9.4 8
8.7 9.3
Coordinates:
40.1 52.3
8.2 40.3
40.1 49.2
24.7 16.3
31.1 35.4
15.6 9.6
42.3 0
31.1 30.9
0 0
23.8 42
14.9 37
4.5 22.8
7.8 0
15.6 6.8
0 49.3
0 8.1
3.5 33.6
0 56.8
10.4 56.8
22.3 32.1
37.3 9.9
45.3 17.1
34.1 16.3
46.1 25.1
36.7 30.9
31.1 39.9
14.9 47.8
31.6 61
3 40.3
0 28.8
13.5 58.6
23.8 50
11.1 22.8
4.5 17.6
37.3 0
16.2 22.8
14.9 42
0 17.6
44.9 9.9
15.6 3.1
23 23.8
8.3 8.1
36.7 39.9
25.8 0
34.7 44.4
11.1 23.9
31.1 25.1
30.7 44.4
3.5 28.8
41.7 17.1
25.8 3.1
6 56.8
23.8 51.1
25.8 12.4
12.3 22.8
17.1 3.1
4.5 8.1
0 40.3
36.7 49.2
4.9 56.8
12.3 32.1
9.2 0
36.7 41.2
28.6 3.1
