Without Genetic Algorithm:
Time: 4.10985 seconds
Area: 368126
Dimensions:
89 21
60 75
44 93
49 49
43 26
97 93
31 7
18 7
28 13
11 26
37 59
80 37
1 90
15 11
90 77
46 38
18 68
76 83
7 9
87 68
77 80
49 53
27 88
16 36
88 90
82 46
83 14
61 76
78 93
14 4
92 65
23 85
42 86
48 89
10 80
92 13
45 5
45 34
7 71
88 44
82 97
56 31
73 34
61 90
36 55
41 68
8 45
4 45
84 49
98 50
47 96
29 80
74 49
47 18
54 33
23 56
32 32
87 12
26 65
55 50
68 31
77 78
79 61
81 77
Coordinates:
89 21
60 75
44 93
49 49
43 26
97 93
31 7
18 7
28 13
11 26
37 59
80 37
1 90
15 11
90 77
46 38
18 68
76 83
7 9
87 68
77 80
49 53
27 88
16 36
88 90
82 46
83 14
61 76
78 93
14 4
92 65
23 85
42 86
48 89
10 80
92 13
45 5
45 34
7 71
88 44
82 97
56 31
73 34
61 90
36 55
41 68
8 45
4 45
84 49
98 50
47 96
29 80
74 49
47 18
54 33
23 56
32 32
87 12
26 65
55 50
68 31
77 78
79 61
81 77
With Genetic Algorithm:
Time: 17.6768 seconds
Area: 395970
Dimensions:
89 21
60 75
44 93
49 49
43 26
97 93
7 31
7 18
28 13
11 26
59 37
37 80
1 90
15 11
90 77
38 46
68 18
83 76
9 7
87 68
80 77
49 53
88 27
16 36
90 88
46 82
14 83
76 61
78 93
14 4
65 92
85 23
42 86
48 89
10 80
92 13
5 45
34 45
71 7
44 88
82 97
56 31
34 73
90 61
55 36
41 68
8 45
4 45
49 84
50 98
96 47
80 29
49 74
18 47
54 33
56 23
32 32
87 12
65 26
55 50
31 68
77 78
79 61
81 77
Coordinates:
89 21
60 75
44 93
49 49
43 26
97 93
7 31
7 18
28 13
11 26
59 37
37 80
1 90
15 11
90 77
38 46
68 18
83 76
9 7
87 68
80 77
49 53
88 27
16 36
90 88
46 82
14 83
76 61
78 93
14 4
65 92
85 23
42 86
48 89
10 80
92 13
5 45
34 45
71 7
44 88
82 97
56 31
34 73
90 61
55 36
41 68
8 45
4 45
49 84
50 98
96 47
80 29
49 74
18 47
54 33
56 23
32 32
87 12
65 26
55 50
31 68
77 78
79 61
81 77
