Without Genetic Algorithm:
Time: 71.9154 seconds
Area: 3886.96
Dimensions:
5.7 2.9
1.3 7.5
9.1 6.4
1.1 9.1
9.4 8.9
9.9 1.5
1.1 3.3
6.3 8.3
9 6.6
6.8 8
1.4 3.1
9.6 1.5
6.1 1.6
5.7 5.7
2.1 8.2
8.7 6.8
6.9 4.2
8 1.9
3.6 5.6
3.4 9
1 7.2
9.4 1
3 6.1
8 6.7
6.3 6
8.2 3
3 7.6
2.2 5.2
7.7 4.1
9.9 2.1
5.6 5.2
7.1 8.8
8.9 3.5
8.7 4
6.4 4.6
3.4 2.4
3.5 8
9.9 2.9
2.5 1.7
6.8 6.8
9.1 7
4 7.1
3.5 4.9
4.2 8
6.6 3
7.3 5.9
3.7 7.2
5.7 6.3
6.5 7
2.1 8.7
1.5 7
6 2.1
5 2
2.7 7.5
8.1 2.6
7.2 2.8
4.5 4
1.7 3.4
6.9 7.6
3.6 7.8
2.7 8.8
3.5 9.7
6.9 1.6
9.1 2.1
Coordinates:
40.8 9.3
6.6 28.6
45.2 41.1
25.3 35.5
51.1 15.6
25.3 44.6
28.8 59.8
0 20.3
28.8 53.2
35.2 38.2
9.6 18.1
12.3 14.7
5.5 3.5
6.6 11.8
0 0
20.1 55.9
7.9 25.5
7.9 23.6
37.2 8.1
15.6 32.4
60.5 7.6
25.3 34.5
6.6 17.5
5.8 5.1
19 34.5
40.8 12.2
40.2 0
18.6 21.2
7.9 31.8
30.3 0
34.8 17.8
45.2 24.5
5.5 0
7.9 50.1
30.3 3.5
2.1 0
49 7.6
12.3 11.8
40.8 7.6
22.2 20.7
21.9 27.5
41.2 24.5
41.2 33.3
0 12.3
0 28.6
54.3 41.1
2.1 5.1
22.2 11.8
34.7 27.5
49 15.6
28.8 46.2
7.9 29.7
7.9 41.4
52.3 24.5
22.2 3.5
26.4 35.5
15.6 46.1
27.9 15.7
30.3 8.1
45.2 33.3
15.9 23.6
20.1 46.2
27.9 19.1
29.6 15.7
With Genetic Algorithm:
Time: 109.386 seconds
Area: 3096.16
Dimensions:
2.9 5.7
1.3 7.5
9.1 6.4
1.1 9.1
9.4 8.9
9.9 1.5
3.3 1.1
8.3 6.3
9 6.6
6.8 8
3.1 1.4
1.5 9.6
1.6 6.1
5.7 5.7
2.1 8.2
6.8 8.7
4.2 6.9
8 1.9
5.6 3.6
3.4 9
1 7.2
1 9.4
6.1 3
6.7 8
6.3 6
3 8.2
7.6 3
5.2 2.2
7.7 4.1
2.1 9.9
5.2 5.6
8.8 7.1
8.9 3.5
8.7 4
4.6 6.4
3.4 2.4
8 3.5
9.9 2.9
2.5 1.7
6.8 6.8
9.1 7
7.1 4
4.9 3.5
8 4.2
3 6.6
7.3 5.9
3.7 7.2
6.3 5.7
6.5 7
2.1 8.7
7 1.5
6 2.1
5 2
2.7 7.5
2.6 8.1
7.2 2.8
4 4.5
3.4 1.7
6.9 7.6
7.8 3.6
2.7 8.8
3.5 9.7
1.6 6.9
9.1 2.1
Coordinates:
51.8 36.6
19.4 32.6
42.2 44.2
34.4 21.9
36.5 20.2
20.7 13.8
44.2 0
0 21.3
36.5 29.7
20.7 32.6
8.3 46.6
20.3 20.8
0 9
30.4 6.8
8.3 36.7
1.6 12.6
32.8 43.6
11.4 48.7
27.2 46.6
0 0
35.5 21.9
55.8 1.1
39.5 9
52.5 10.5
45.9 12
45.9 18
20.7 40.6
20.3 30.4
11.7 32.6
11.7 36.7
37 44.2
11.5 20.8
25.5 21.9
21.7 0
49.2 3.2
36.1 9
36.5 16.7
1.6 9.7
53.3 1.1
30.4 0
14.6 6.8
14.6 0
45.9 26.2
35.5 12.5
41.9 36.3
28.3 31
10.9 0
35.6 36.3
14.2 13.8
47.1 3.2
37.2 0
11.7 46.6
47.5 29.7
37.2 1.5
30.6 13.8
39.9 3.2
6.9 0
8.3 27.9
44.9 36.6
19.4 48.7
11.5 9.7
3.4 0
45.9 29.7
44.2 1.1
