Without Genetic Algorithm:
Time: 3.76805 seconds
Area: 3488062656
Dimensions:
1855 1594
1847 1799
6398 9669
3649 3853
683 7164
9328 8846
6977 8474
147 5248
2988 6830
3355 9431
2746 6291
7542 5772
1505 6439
8820 8074
6764 9195
488 7790
4120 5908
7527 7640
2800 5512
2881 7019
3337 5005
2261 352
2918 3011
132 5966
8687 8183
1057 983
4182 6892
2979 2463
9574 8535
4656 3937
8069 9921
963 7269
8801 8551
5214 1549
8793 4491
1568 5598
1607 6624
7819 7643
8610 1027
4734 7697
9326 5554
4003 7171
8030 7326
1841 9846
6910 7190
5580 8429
977 7450
2317 5790
8677 3698
3940 2409
1305 2858
8765 5912
7844 2400
8384 4780
2015 8331
991 6129
9682 4403
2063 242
8960 4137
6851 5461
9455 2722
144 7730
1097 9164
7198 4762
Coordinates:
1855 1594
1847 1799
6398 9669
3649 3853
683 7164
9328 8846
6977 8474
147 5248
2988 6830
3355 9431
2746 6291
7542 5772
1505 6439
8820 8074
6764 9195
488 7790
4120 5908
7527 7640
2800 5512
2881 7019
3337 5005
2261 352
2918 3011
132 5966
8687 8183
1057 983
4182 6892
2979 2463
9574 8535
4656 3937
8069 9921
963 7269
8801 8551
5214 1549
8793 4491
1568 5598
1607 6624
7819 7643
8610 1027
4734 7697
9326 5554
4003 7171
8030 7326
1841 9846
6910 7190
5580 8429
977 7450
2317 5790
8677 3698
3940 2409
1305 2858
8765 5912
7844 2400
8384 4780
2015 8331
991 6129
9682 4403
2063 242
8960 4137
6851 5461
9455 2722
144 7730
1097 9164
7198 4762
With Genetic Algorithm:
Time: 7.50114 seconds
Area: 3813536475
Dimensions:
1594 1855
1799 1847
9669 6398
3649 3853
683 7164
8846 9328
6977 8474
147 5248
6830 2988
9431 3355
2746 6291
7542 5772
1505 6439
8074 8820
9195 6764
7790 488
4120 5908
7527 7640
5512 2800
2881 7019
3337 5005
352 2261
3011 2918
132 5966
8183 8687
983 1057
4182 6892
2979 2463
8535 9574
4656 3937
8069 9921
7269 963
8801 8551
1549 5214
4491 8793
5598 1568
6624 1607
7819 7643
8610 1027
4734 7697
9326 5554
7171 4003
7326 8030
1841 9846
7190 6910
5580 8429
7450 977
2317 5790
8677 3698
3940 2409
2858 1305
5912 8765
2400 7844
8384 4780
2015 8331
991 6129
9682 4403
2063 242
8960 4137
6851 5461
2722 9455
144 7730
9164 1097
7198 4762
Coordinates:
1594 1855
1799 1847
9669 6398
3649 3853
683 7164
8846 9328
6977 8474
147 5248
6830 2988
9431 3355
2746 6291
7542 5772
1505 6439
8074 8820
9195 6764
7790 488
4120 5908
7527 7640
5512 2800
2881 7019
3337 5005
352 2261
3011 2918
132 5966
8183 8687
983 1057
4182 6892
2979 2463
8535 9574
4656 3937
8069 9921
7269 963
8801 8551
1549 5214
4491 8793
5598 1568
6624 1607
7819 7643
8610 1027
4734 7697
9326 5554
7171 4003
7326 8030
1841 9846
7190 6910
5580 8429
7450 977
2317 5790
8677 3698
3940 2409
2858 1305
5912 8765
2400 7844
8384 4780
2015 8331
991 6129
9682 4403
2063 242
8960 4137
6851 5461
2722 9455
144 7730
9164 1097
7198 4762
