Without Genetic Algorithm:
Time: 4.12679 seconds
Area: 28480610
Dimensions:
82 725
749 549
888 454
603 276
770 625
305 139
567 242
139 934
107 402
924 159
805 695
584 803
532 511
45 810
773 89
266 493
122 328
3 48
528 176
609 92
702 795
543 495
712 992
177 238
476 14
72 80
885 546
254 898
3 606
599 89
821 161
324 978
493 813
327 520
308 149
382 346
151 824
357 638
817 729
320 900
418 668
261 177
964 145
496 552
187 865
550 333
637 747
264 5
369 975
14 756
59 825
356 831
992 705
165 828
584 438
386 526
16 189
781 790
352 749
857 668
854 360
459 104
341 244
314 481
Coordinates:
82 725
749 549
888 454
603 276
770 625
305 139
567 242
139 934
107 402
924 159
805 695
584 803
532 511
45 810
773 89
266 493
122 328
3 48
528 176
609 92
702 795
543 495
712 992
177 238
476 14
72 80
885 546
254 898
3 606
599 89
821 161
324 978
493 813
327 520
308 149
382 346
151 824
357 638
817 729
320 900
418 668
261 177
964 145
496 552
187 865
550 333
637 747
264 5
369 975
14 756
59 825
356 831
992 705
165 828
584 438
386 526
16 189
781 790
352 749
857 668
854 360
459 104
341 244
314 481
With Genetic Algorithm:
Time: 7.52322 seconds
Area: 27351395
Dimensions:
82 725
749 549
888 454
603 276
770 625
305 139
242 567
139 934
107 402
924 159
805 695
584 803
511 532
45 810
773 89
266 493
122 328
48 3
528 176
609 92
702 795
543 495
712 992
177 238
14 476
72 80
885 546
254 898
3 606
599 89
821 161
324 978
493 813
327 520
308 149
382 346
824 151
357 638
817 729
320 900
418 668
261 177
964 145
496 552
187 865
550 333
637 747
264 5
369 975
14 756
59 825
356 831
705 992
828 165
438 584
386 526
16 189
781 790
352 749
857 668
854 360
459 104
341 244
314 481
Coordinates:
82 725
749 549
888 454
603 276
770 625
305 139
242 567
139 934
107 402
924 159
805 695
584 803
511 532
45 810
773 89
266 493
122 328
48 3
528 176
609 92
702 795
543 495
712 992
177 238
14 476
72 80
885 546
254 898
3 606
599 89
821 161
324 978
493 813
327 520
308 149
382 346
824 151
357 638
817 729
320 900
418 668
261 177
964 145
496 552
187 865
550 333
637 747
264 5
369 975
14 756
59 825
356 831
705 992
828 165
438 584
386 526
16 189
781 790
352 749
857 668
854 360
459 104
341 244
314 481
