Without Genetic Algorithm:
Time: 104.55 seconds
Area: 4220.02
Dimensions:
3.1 1.9
4.8 2.6
1.1 6.4
2.6 5.6
7.6 1.1
2.1 5
9.4 3.7
4.2 8.8
4.1 6.1
5.9 9
7.2 8.8
3.3 4.2
8.8 4.8
1.5 9.3
9.9 6.1
1.8 1.5
2.5 4.9
6.1 7.3
1.8 9.2
7.4 9.7
1.4 1
7.7 4.1
2.9 8.4
6.4 4
1.6 8
8.8 4
8.2 4.8
9.2 5.2
8.3 2.9
1.6 6.4
5 6.9
4.3 5.5
9.2 3.6
6.7 2.3
5.6 8.8
4.5 1.8
9.2 5.8
8.5 9.5
2.1 9.4
7.5 1.5
3.4 7.1
4.6 7.8
2 9
1.5 9.3
3.8 4.4
1.6 8.1
8 7.1
6.4 1.4
3.3 7.6
1.9 4.4
10 9
8.2 8.5
9.6 5.9
1.4 5.3
4.5 3.9
2.1 9.9
3.7 1.3
8.2 3.9
2 1.9
4.1 1.8
6.2 4.9
3.7 4.8
5.6 9.9
6.5 3.6
Coordinates:
9.7 0
13 40.9
30.1 14.1
34.5 42.1
50.9 11.9
31.1 47.7
31.1 56.7
0 22.5
37.8 11.4
33.2 47.7
13 31.6
25.8 21.7
8.2 9.3
32 31.6
30.1 5.3
50.2 45.3
32 40.9
12.7 22.5
53.6 26.3
30.9 60.4
58.5 4.8
34.5 38
8.2 14.1
42.6 28.1
48.6 45.3
4.2 32.8
40 0
41.7 17.5
22.6 60.4
8.2 22.5
55.2 53.3
33.5 12.7
19 1.9
40.5 56.7
20.2 31.6
11.1 14.1
20.9 14.1
22.6 48.3
49 28.1
33.5 26.3
50.9 4.8
49 37.5
42.2 37.6
8.2 0
0 31.3
41 28.1
47.2 53.3
42.2 36.2
15.6 14.1
22.6 40.9
3.8 57.8
0 0
13 48.3
28.2 0
8.2 28.9
18.8 21.7
30.1 11.4
33.5 20.5
17 1.9
41.7 26.3
25.8 31.6
13 43.5
33.5 28.1
41.7 22.7
With Genetic Algorithm:
Time: 117.589 seconds
Area: 2751.28
Dimensions:
3.1 1.9
2.6 4.8
1.1 6.4
5.6 2.6
7.6 1.1
2.1 5
3.7 9.4
8.8 4.2
4.1 6.1
9 5.9
7.2 8.8
4.2 3.3
4.8 8.8
9.3 1.5
9.9 6.1
1.8 1.5
2.5 4.9
6.1 7.3
1.8 9.2
9.7 7.4
1.4 1
7.7 4.1
8.4 2.9
4 6.4
1.6 8
8.8 4
8.2 4.8
5.2 9.2
8.3 2.9
1.6 6.4
6.9 5
5.5 4.3
3.6 9.2
6.7 2.3
8.8 5.6
1.8 4.5
5.8 9.2
9.5 8.5
2.1 9.4
1.5 7.5
7.1 3.4
7.8 4.6
2 9
1.5 9.3
3.8 4.4
8.1 1.6
8 7.1
6.4 1.4
7.6 3.3
4.4 1.9
10 9
8.5 8.2
9.6 5.9
1.4 5.3
3.9 4.5
2.1 9.9
1.3 3.7
3.9 8.2
2 1.9
1.8 4.1
4.9 6.2
4.8 3.7
5.6 9.9
3.6 6.5
Coordinates:
43.2 42.5
13.6 34.3
43.2 36.1
27.1 22.5
32.3 25.1
14.4 15.8
0 34.4
21.4 0
38.2 36.1
16.2 34.3
3.7 47.8
25.2 37.7
3.9 32.9
17.8 14.3
3.7 41.7
12.2 30
29.1 46.9
10.9 47.8
27.3 45.5
14.7 26.9
42.8 0
39.9 18.7
27.1 19.6
43.2 22.8
39.9 25.1
29.4 41
16.2 40.2
9.5 20.8
3.9 30
24.4 22.5
29.1 52.8
0 21.9
41.2 46.9
9.8 11.5
28.5 13.4
14.7 22.4
26 25.1
0 13.4
40.7 0
17.8 4.4
25.2 34.3
0 0
7.8 4.4
40.7 9.4
7.8 0
14.7 20.8
9.8 4.4
29.1 45.5
29.4 37.7
35.5 19
27.1 4.4
18.8 45.5
31.6 46.9
27.1 14.3
25.2 41
19.3 4.4
0 4.6
0 26.2
41.2 45
17 45.5
9.5 13.8
0 8.3
32.3 26.2
37.1 4.4
