Without Genetic Algorithm:
Time: 6.78203 seconds
Area: 355880
Dimensions:
87 11
25 14
13 54
21 94
26 58
35 34
29 85
48 78
28 77
2 96
20 98
2 21
59 34
11 34
83 99
52 5
38 28
14 7
92 57
63 70
78 45
57 19
94 86
40 40
21 59
18 17
31 3
4 2
72 37
22 97
92 34
13 6
91 43
32 18
65 28
81 86
3 56
70 58
32 64
7 83
61 40
10 65
41 17
30 76
93 57
53 67
40 4
86 5
20 70
39 47
70 46
70 52
94 26
51 93
7 51
81 58
75 48
11 92
85 61
3 27
87 26
70 43
95 83
57 26
Coordinates:
87 11
25 14
13 54
21 94
26 58
35 34
29 85
48 78
28 77
2 96
20 98
2 21
59 34
11 34
83 99
52 5
38 28
14 7
92 57
63 70
78 45
57 19
94 86
40 40
21 59
18 17
31 3
4 2
72 37
22 97
92 34
13 6
91 43
32 18
65 28
81 86
3 56
70 58
32 64
7 83
61 40
10 65
41 17
30 76
93 57
53 67
40 4
86 5
20 70
39 47
70 46
70 52
94 26
51 93
7 51
81 58
75 48
11 92
85 61
3 27
87 26
70 43
95 83
57 26
With Genetic Algorithm:
Time: 8.75301 seconds
Area: 307333
Dimensions:
87 11
14 25
54 13
21 94
26 58
34 35
85 29
48 78
28 77
2 96
98 20
21 2
59 34
11 34
99 83
52 5
28 38
14 7
92 57
70 63
45 78
19 57
94 86
40 40
59 21
18 17
3 31
2 4
72 37
97 22
92 34
6 13
91 43
32 18
28 65
81 86
56 3
58 70
64 32
83 7
40 61
65 10
17 41
76 30
57 93
53 67
40 4
5 86
20 70
47 39
46 70
52 70
26 94
51 93
7 51
81 58
75 48
92 11
61 85
27 3
26 87
70 43
95 83
26 57
Coordinates:
87 11
14 25
54 13
21 94
26 58
34 35
85 29
48 78
28 77
2 96
98 20
21 2
59 34
11 34
99 83
52 5
28 38
14 7
92 57
70 63
45 78
19 57
94 86
40 40
59 21
18 17
3 31
2 4
72 37
97 22
92 34
6 13
91 43
32 18
28 65
81 86
56 3
58 70
64 32
83 7
40 61
65 10
17 41
76 30
57 93
53 67
40 4
5 86
20 70
47 39
46 70
52 70
26 94
51 93
7 51
81 58
75 48
92 11
61 85
27 3
26 87
70 43
95 83
26 57
