Without Genetic Algorithm:
Time: 70.233 seconds
Area: 3523.64
Dimensions:
3.6 5.4
4.6 5.9
2.8 3
1.7 9.4
6.7 8.6
7.5 2.2
1.1 6.7
5.7 1.9
7 3.5
5.5 2.1
5.2 9.9
5.5 3.8
4.7 4.6
1.2 3.3
7.7 8.7
2.4 1.5
9.3 4.4
8.5 9
9.7 9.7
7.2 9.3
9.1 4.5
10 6.3
7.1 4.8
6.8 8.9
6.6 8
2.8 5.9
3.5 2.6
6.8 5.2
3.1 7.3
4.9 6.8
1.6 4.6
6 2.7
4.1 4
6.6 3.4
4.7 9.7
1.3 1.6
4.2 3.1
7.7 1.4
4.8 8.5
2.2 6.9
1.3 6.1
2.6 6.3
7.4 4.1
6.8 1.7
5.5 4.9
5.6 9.3
5 8.6
8.7 2.9
9 3.6
9.5 8.4
8.1 4.2
6.8 3.1
9.7 7.9
4.1 6.9
7.2 2.8
8.6 8.9
3 2.3
7 7.5
1.5 7
7.8 7.6
6.1 6.2
1.2 6.9
3.8 3.4
5.1 1.2
Coordinates:
46.7 17.3
14 36.4
23.8 44.7
4.7 5.5
29.2 31.3
0 45.3
4.7 14.9
9.8 3.4
4.7 23.3
0 59.6
20.2 34.8
18.8 7
0 9.5
35.1 51.6
23 11.4
35.1 54.9
4.7 29.1
11.7 20.1
36.9 43
46.6 55
37.5 54.9
35.4 24.9
11.7 14.9
35.9 31.2
28.5 51.6
20.2 20.1
34.2 0
20.2 27.9
14 29.1
32 43
23 20.1
0 0
0 5.5
7.2 0
30.7 18.2
45.4 17.3
18.8 14.6
20.8 51.6
35.4 8.8
27 27.9
12.7 5.3
7.2 3.4
34.2 2.6
4.7 21.6
7.2 9.7
46.6 38.2
27 43
35.9 40.1
15.5 3.4
7.5 47.8
46.7 22.7
14 44.7
24.5 3.4
30.7 11.3
0 2.7
4.7 36.4
20.8 44.7
46.6 47.5
46.6 31.2
35.4 17.3
41.6 2.6
18.6 36.4
29.2 27.9
20.8 47.7
With Genetic Algorithm:
Time: 134.99 seconds
Area: 3143.97
Dimensions:
3.6 5.4
4.6 5.9
2.8 3
9.4 1.7
6.7 8.6
7.5 2.2
6.7 1.1
1.9 5.7
7 3.5
5.5 2.1
9.9 5.2
3.8 5.5
4.7 4.6
3.3 1.2
7.7 8.7
1.5 2.4
4.4 9.3
9 8.5
9.7 9.7
9.3 7.2
4.5 9.1
10 6.3
4.8 7.1
6.8 8.9
6.6 8
5.9 2.8
2.6 3.5
5.2 6.8
3.1 7.3
6.8 4.9
4.6 1.6
2.7 6
4.1 4
3.4 6.6
9.7 4.7
1.3 1.6
3.1 4.2
7.7 1.4
4.8 8.5
2.2 6.9
6.1 1.3
2.6 6.3
4.1 7.4
1.7 6.8
4.9 5.5
9.3 5.6
5 8.6
8.7 2.9
9 3.6
8.4 9.5
8.1 4.2
6.8 3.1
9.7 7.9
4.1 6.9
7.2 2.8
8.6 8.9
3 2.3
7 7.5
1.5 7
7.6 7.8
6.2 6.1
1.2 6.9
3.4 3.8
5.1 1.2
Coordinates:
43.1 52.3
16.4 33.1
40.8 44
18 26.1
33.8 31.6
18.4 16.4
27.7 16.4
0 47.5
33.8 40.2
36.1 16.3
1.9 47.5
7.7 15.5
33.8 27
23.4 15.2
0 0
0 8.7
28.3 47.7
13.5 39
18.6 47.5
34.2 0
42.3 7.2
7.7 0
8.7 40.4
44.2 43.4
41.9 20.5
18 27.8
22.5 40.2
21 30.6
8.7 33.1
0 41.1
11.8 33.1
11.6 27.1
33.8 43.7
38.5 20.5
18 18.6
13.9 18.6
42.3 16.3
10.7 13.2
48.5 7.2
23.4 6.3
27.7 27
0 15.5
40.5 28.5
46.8 7.2
48.5 20.5
33.8 52.3
18.4 6.3
0 30.7
2.6 27.1
27.7 17.5
34.2 8.4
11.8 47.5
44.6 35.5
13.9 20.2
18 23.3
25.6 6.3
7.7 13.2
0 33.6
44.6 28.5
26.2 31.6
7.7 21
7.7 6.3
40.8 40.2
34.2 7.2
