Without Genetic Algorithm:
Time: 601.864 seconds
Area: 755061
Dimensions:
8 17
13 83
1 90
17 90
44 18
7 56
41 17
91 84
25 52
14 13
63 29
33 20
9 76
23 10
32 87
1 67
1 60
75 16
65 91
47 51
58 76
65 13
66 84
40 19
97 38
15 65
83 94
69 19
7 64
73 36
34 14
21 4
87 58
68 2
96 21
3 34
5 13
55 63
61 88
36 58
86 93
31 14
72 26
13 39
13 18
86 38
10 78
11 88
94 13
91 95
25 35
30 61
13 81
85 5
70 9
19 53
91 53
58 86
71 60
25 6
65 74
56 35
64 12
89 41
79 20
66 3
72 69
81 74
96 15
10 44
49 19
55 39
20 67
75 82
2 59
98 1
19 76
73 30
39 45
89 5
46 2
28 7
24 92
13 21
3 96
87 37
22 80
23 60
21 66
58 47
7 9
14 72
87 64
41 66
85 9
58 49
89 76
46 27
79 46
73 11
56 3
92 84
74 72
1 26
83 70
74 52
61 63
25 31
73 41
21 27
41 35
71 95
55 27
22 12
5 42
67 14
31 7
55 7
68 35
82 94
46 72
87 55
88 52
53 54
24 42
13 20
7 79
22 65
Coordinates:
8 17
13 83
1 90
17 90
44 18
7 56
41 17
91 84
25 52
14 13
63 29
33 20
9 76
23 10
32 87
1 67
1 60
75 16
65 91
47 51
58 76
65 13
66 84
40 19
97 38
15 65
83 94
69 19
7 64
73 36
34 14
21 4
87 58
68 2
96 21
3 34
5 13
55 63
61 88
36 58
86 93
31 14
72 26
13 39
13 18
86 38
10 78
11 88
94 13
91 95
25 35
30 61
13 81
85 5
70 9
19 53
91 53
58 86
71 60
25 6
65 74
56 35
64 12
89 41
79 20
66 3
72 69
81 74
96 15
10 44
49 19
55 39
20 67
75 82
2 59
98 1
19 76
73 30
39 45
89 5
46 2
28 7
24 92
13 21
3 96
87 37
22 80
23 60
21 66
58 47
7 9
14 72
87 64
41 66
85 9
58 49
89 76
46 27
79 46
73 11
56 3
92 84
74 72
1 26
83 70
74 52
61 63
25 31
73 41
21 27
41 35
71 95
55 27
22 12
5 42
67 14
31 7
55 7
68 35
82 94
46 72
87 55
88 52
53 54
24 42
13 20
7 79
22 65
With Genetic Algorithm:
Time: 986.015 seconds
Area: 717300
Dimensions:
8 17
83 13
1 90
90 17
18 44
7 56
41 17
91 84
25 52
13 14
29 63
33 20
76 9
23 10
87 32
67 1
60 1
75 16
91 65
47 51
76 58
13 65
66 84
19 40
97 38
15 65
94 83
69 19
7 64
73 36
34 14
21 4
58 87
2 68
21 96
3 34
13 5
55 63
61 88
36 58
86 93
31 14
72 26
13 39
13 18
38 86
78 10
88 11
13 94
95 91
35 25
61 30
13 81
5 85
9 70
19 53
91 53
86 58
71 60
25 6
74 65
56 35
64 12
89 41
20 79
66 3
72 69
74 81
15 96
10 44
49 19
39 55
20 67
82 75
59 2
1 98
76 19
30 73
39 45
89 5
46 2
28 7
92 24
21 13
3 96
87 37
80 22
60 23
21 66
58 47
7 9
14 72
87 64
41 66
85 9
58 49
89 76
46 27
79 46
73 11
56 3
84 92
72 74
1 26
83 70
74 52
63 61
25 31
41 73
21 27
35 41
95 71
27 55
12 22
5 42
67 14
7 31
7 55
68 35
82 94
72 46
87 55
88 52
53 54
42 24
13 20
7 79
22 65
Coordinates:
8 17
83 13
1 90
90 17
18 44
7 56
41 17
91 84
25 52
13 14
29 63
33 20
76 9
23 10
87 32
67 1
60 1
75 16
91 65
47 51
76 58
13 65
66 84
19 40
97 38
15 65
94 83
69 19
7 64
73 36
34 14
21 4
58 87
2 68
21 96
3 34
13 5
55 63
61 88
36 58
86 93
31 14
72 26
13 39
13 18
38 86
78 10
88 11
13 94
95 91
35 25
61 30
13 81
5 85
9 70
19 53
91 53
86 58
71 60
25 6
74 65
56 35
64 12
89 41
20 79
66 3
72 69
74 81
15 96
10 44
49 19
39 55
20 67
82 75
59 2
1 98
76 19
30 73
39 45
89 5
46 2
28 7
92 24
21 13
3 96
87 37
80 22
60 23
21 66
58 47
7 9
14 72
87 64
41 66
85 9
58 49
89 76
46 27
79 46
73 11
56 3
84 92
72 74
1 26
83 70
74 52
63 61
25 31
41 73
21 27
35 41
95 71
27 55
12 22
5 42
67 14
7 31
7 55
68 35
82 94
72 46
87 55
88 52
53 54
42 24
13 20
7 79
22 65
