Without Genetic Algorithm:
Time: 0.00984923 seconds
Area: 603826808
Dimensions:
6490 9550
7471 8408
7205 3015
6402 1851
9236 2814
3450 8676
4184 3718
5980 3007
9514 966
156 1440
4066 8669
9855 1232
7071 4531
6648 2043
4254 9770
645 290
Coordinates:
6490 9550
7471 8408
7205 3015
6402 1851
9236 2814
3450 8676
4184 3718
5980 3007
9514 966
156 1440
4066 8669
9855 1232
7071 4531
6648 2043
4254 9770
645 290
With Genetic Algorithm:
Time: 1.00965 seconds
Area: 547272306
Dimensions:
9550 6490
8408 7471
3015 7205
1851 6402
2814 9236
8676 3450
3718 4184
5980 3007
9514 966
1440 156
4066 8669
9855 1232
7071 4531
2043 6648
4254 9770
290 645
Coordinates:
9550 6490
8408 7471
3015 7205
1851 6402
2814 9236
8676 3450
3718 4184
5980 3007
9514 966
1440 156
4066 8669
9855 1232
7071 4531
2043 6648
4254 9770
290 645
