Without Genetic Algorithm:
Time: 0.112552 seconds
Area: 621.18
Dimensions:
9.4 10
3.1 7.8
1.6 6.7
10 8.8
6.4 1.5
3.7 6.7
2.4 6.1
6.6 8.3
5.3 5.8
3 1.4
4.8 4.5
1.7 1.5
1.2 5.1
2.5 9.6
9.8 6.1
4.6 4.8
Coordinates:
12.6 10.3
0 15.9
0 0
13.8 1.5
13.8 0
7.3 14.4
11.4 0
4.8 6.1
16 20.3
1.6 6.1
0 7.5
0 14.4
11.4 6.1
4.8 14.4
1.6 0
11.4 20.3
With Genetic Algorithm:
Time: 0.436122 seconds
Area: 599.04
Dimensions:
9.4 10
7.8 3.1
1.6 6.7
8.8 10
1.5 6.4
6.7 3.7
6.1 2.4
6.6 8.3
5.3 5.8
3 1.4
4.8 4.5
1.7 1.5
5.1 1.2
9.6 2.5
6.1 9.8
4.6 4.8
Coordinates:
6.6 13.1
13 10
6.7 0
14.6 0
13.1 0
0 1.4
0 6.7
0 14.9
0 9.1
0 0
8.3 0
11.3 6.7
16.2 22.9
6.6 23.1
16.2 13.1
6.7 6.7
