Without Genetic Algorithm:
Time: 0.111628 seconds
Area: 617.4
Dimensions:
6.4 7.9
2.3 2.2
1.6 9.4
3.4 8.7
1.5 3
5.1 6.6
2.1 9
6.4 2.2
5.8 6.9
8.2 8.1
4.8 9
1.5 5.7
7.1 3.6
7.4 1.1
3.7 9.3
4 8.4
Coordinates:
18.1 3.6
12.2 0
13.4 5.7
18.1 15.1
11.9 5.7
13 16.2
0 6.9
5.8 0
0 0
0 15.9
8.2 16.2
14.5 0
16 0
8.2 15.1
8.2 5.7
2.1 6.9
With Genetic Algorithm:
Time: 0.434072 seconds
Area: 537
Dimensions:
7.9 6.4
2.2 2.3
1.6 9.4
3.4 8.7
1.5 3
5.1 6.6
2.1 9
6.4 2.2
6.9 5.8
8.2 8.1
9 4.8
1.5 5.7
3.6 7.1
7.4 1.1
3.7 9.3
4 8.4
Coordinates:
3.4 29.4
9.5 21.3
12.5 12.9
0 23.6
11.7 22.3
0 7.1
0 13.7
2.1 13.7
3.4 23.6
6.6 0
5.1 8.1
5.1 0
0 0
2.1 21.3
11.3 25.3
8.5 12.9
