Without Genetic Algorithm:
Time: 0.00895951 seconds
Area: 50094
Dimensions:
74 79
91 84
74 31
99 24
44 8
16 63
61 1
65 55
36 79
34 43
48 34
46 50
64 45
43 7
21 19
40 46
Coordinates:
74 79
91 84
74 31
99 24
44 8
16 63
61 1
65 55
36 79
34 43
48 34
46 50
64 45
43 7
21 19
40 46
With Genetic Algorithm:
Time: 1.00866 seconds
Area: 49200
Dimensions:
79 74
84 91
74 31
99 24
44 8
63 16
61 1
65 55
36 79
34 43
48 34
50 46
64 45
43 7
19 21
40 46
Coordinates:
79 74
84 91
74 31
99 24
44 8
63 16
61 1
65 55
36 79
34 43
48 34
50 46
64 45
43 7
19 21
40 46
