Without Genetic Algorithm:
Time: 0.00887279 seconds
Area: 51075
Dimensions:
1 64
19 23
49 96
28 14
41 90
79 57
2 77
46 74
85 42
50 99
81 74
44 77
30 5
40 31
3 76
37 38
Coordinates:
1 64
19 23
49 96
28 14
41 90
79 57
2 77
46 74
85 42
50 99
81 74
44 77
30 5
40 31
3 76
37 38
With Genetic Algorithm:
Time: 1.00839 seconds
Area: 52540
Dimensions:
64 1
23 19
49 96
28 14
41 90
79 57
2 77
46 74
42 85
50 99
74 81
77 44
30 5
31 40
76 3
38 37
Coordinates:
64 1
23 19
49 96
28 14
41 90
79 57
2 77
46 74
42 85
50 99
74 81
77 44
30 5
31 40
76 3
38 37
