Without Genetic Algorithm:
Time: 0.009475 seconds
Area: 50568
Dimensions:
47 4
37 74
13 98
71 8
41 60
93 48
54 17
11 40
74 17
60 44
82 32
13 74
47 52
33 21
14 39
82 74
Coordinates:
47 4
37 74
13 98
71 8
41 60
93 48
54 17
11 40
74 17
60 44
82 32
13 74
47 52
33 21
14 39
82 74
With Genetic Algorithm:
Time: 1.01052 seconds
Area: 45900
Dimensions:
4 47
74 37
13 98
71 8
60 41
93 48
17 54
40 11
17 74
44 60
82 32
74 13
52 47
21 33
39 14
82 74
Coordinates:
4 47
74 37
13 98
71 8
60 41
93 48
17 54
40 11
17 74
44 60
82 32
74 13
52 47
21 33
39 14
82 74
