Without Genetic Algorithm:
Time: 0.0103499 seconds
Area: 67960946592
Dimensions:
73139 20699
78340 42162
65132 53974
50890 59879
94962 37528
67272 79654
27182 88301
82381 44354
98011 95797
77825 9856
86491 60148
58591 18449
29846 79119
43434 18980
88959 26290
2053 4597
Coordinates:
73139 20699
78340 42162
65132 53974
50890 59879
94962 37528
67272 79654
27182 88301
82381 44354
98011 95797
77825 9856
86491 60148
58591 18449
29846 79119
43434 18980
88959 26290
2053 4597
With Genetic Algorithm:
Time: 1.0097 seconds
Area: 66584089692
Dimensions:
20699 73139
78340 42162
53974 65132
50890 59879
94962 37528
67272 79654
88301 27182
82381 44354
95797 98011
77825 9856
60148 86491
58591 18449
29846 79119
43434 18980
88959 26290
4597 2053
Coordinates:
20699 73139
78340 42162
53974 65132
50890 59879
94962 37528
67272 79654
88301 27182
82381 44354
95797 98011
77825 9856
60148 86491
58591 18449
29846 79119
43434 18980
88959 26290
4597 2053
