Without Genetic Algorithm:
Time: 0.00971795 seconds
Area: 5262669
Dimensions:
700 707
639 99
49 585
334 796
640 91
650 627
183 346
996 817
334 436
188 167
239 309
148 986
735 206
308 830
850 881
502 229
Coordinates:
700 707
639 99
49 585
334 796
640 91
650 627
183 346
996 817
334 436
188 167
239 309
148 986
735 206
308 830
850 881
502 229
With Genetic Algorithm:
Time: 1.0145 seconds
Area: 5300554
Dimensions:
707 700
99 639
49 585
796 334
91 640
650 627
346 183
996 817
334 436
188 167
309 239
986 148
735 206
308 830
881 850
502 229
Coordinates:
707 700
99 639
49 585
796 334
91 640
650 627
346 183
996 817
334 436
188 167
309 239
986 148
735 206
308 830
881 850
502 229
