Without Genetic Algorithm:
Time: 0.172264 seconds
Area: 757.12
Dimensions:
4.4 8.5
7.2 4.4
4.8 7.2
8.4 9.8
5.9 4.8
5.9 8.1
1.2 6.4
8.4 5.2
2.8 8.9
5.8 3.9
4.8 8.2
4.9 5.2
5.4 8
2.7 4.9
2.2 3.7
3.9 9.4
Coordinates:
0 8.9
4.4 9.8
11.6 9.8
9.8 0
4.8 23.8
16.5 9.8
0 17.4
4.8 28.6
0 0
4.8 17
0 23.8
11.6 17
4.4 0
18.2 0
1.2 17.4
13.2 23.8
With Genetic Algorithm:
Time: 0.467793 seconds
Area: 686
Dimensions:
8.5 4.4
7.2 4.4
4.8 7.2
8.4 9.8
5.9 4.8
8.1 5.9
1.2 6.4
8.4 5.2
8.9 2.8
5.8 3.9
8.2 4.8
4.9 5.2
5.4 8
2.7 4.9
2.2 3.7
9.4 3.9
Coordinates:
18.2 15
26.1 10
10.3 0
17.7 5.2
10.3 7.2
0 3.9
8.1 12
9.3 12
9.3 17.2
0 0
26.1 5.2
25.6 0
0 9.8
5.4 9.8
8.1 3.9
16.2 0
