Without Genetic Algorithm:
Time: 0.00960631 seconds
Area: 60257378734
Dimensions:
78398 80633
60105 785
12336 52216
58949 29667
83848 82951
40922 95250
75894 5086
73124 10873
46035 15866
96887 80946
44699 43498
12751 53697
30135 53186
45164 84979
9029 58641
55972 6767
Coordinates:
78398 80633
60105 785
12336 52216
58949 29667
83848 82951
40922 95250
75894 5086
73124 10873
46035 15866
96887 80946
44699 43498
12751 53697
30135 53186
45164 84979
9029 58641
55972 6767
With Genetic Algorithm:
Time: 1.01229 seconds
Area: 56340814405
Dimensions:
80633 78398
60105 785
52216 12336
58949 29667
83848 82951
95250 40922
75894 5086
73124 10873
46035 15866
96887 80946
43498 44699
12751 53697
53186 30135
84979 45164
9029 58641
6767 55972
Coordinates:
80633 78398
60105 785
52216 12336
58949 29667
83848 82951
95250 40922
75894 5086
73124 10873
46035 15866
96887 80946
43498 44699
12751 53697
53186 30135
84979 45164
9029 58641
6767 55972
