Without Genetic Algorithm:
Time: 0.26383 seconds
Area: 763.2
Dimensions:
2.4 9.3
6.8 8.9
7 7.3
3.6 9.8
9.3 8
5.3 8.8
3.2 2.1
7.3 5.5
5.6 6.8
3.8 6.9
1.2 5.8
1.1 6.1
6.7 4.9
3.2 8.5
1.4 4.6
9.3 5.7
Coordinates:
0 5.8
9.1 0
12.9 28.7
0 15.1
3.6 27
15.9 0
0 33.4
3.6 15.8
12.9 15.8
9.1 8.9
0 0
12.9 22.6
2.4 5.8
0 24.9
3.6 10.7
3.6 21.3
With Genetic Algorithm:
Time: 1.37911 seconds
Area: 714
Dimensions:
2.4 9.3
8.9 6.8
7 7.3
9.8 3.6
8 9.3
5.3 8.8
2.1 3.2
7.3 5.5
6.8 5.6
6.9 3.8
1.2 5.8
1.1 6.1
4.9 6.7
8.5 3.2
4.6 1.4
5.7 9.3
Coordinates:
13 18.7
8.5 11.9
18.3 10.5
8.5 3.8
17.4 17.8
0 0
6.8 18.7
5.7 21.9
0 12
5.3 0
24.3 0
23.2 3.8
18.3 3.8
0 8.8
8.5 10.5
0 17.6
