Without Genetic Algorithm:
Time: 0.00876889 seconds
Area: 6074784
Dimensions:
994 701
460 91
26 967
828 204
218 67
846 722
677 985
787 285
503 240
832 106
42 733
586 646
835 365
608 141
540 738
308 44
Coordinates:
994 701
460 91
26 967
828 204
218 67
846 722
677 985
787 285
503 240
832 106
42 733
586 646
835 365
608 141
540 738
308 44
With Genetic Algorithm:
Time: 1.00871 seconds
Area: 5358060
Dimensions:
994 701
460 91
26 967
828 204
67 218
846 722
985 677
787 285
240 503
832 106
733 42
646 586
835 365
608 141
738 540
308 44
Coordinates:
994 701
460 91
26 967
828 204
67 218
846 722
985 677
787 285
240 503
832 106
733 42
646 586
835 365
608 141
738 540
308 44
