Without Genetic Algorithm:
Time: 0.0111796 seconds
Area: 55500700270
Dimensions:
65347 41782
80755 70054
27768 35694
73301 34971
64236 28300
83966 29495
52202 21920
58336 53989
95191 92090
52601 68423
83711 24925
4215 32629
83925 23734
26804 59719
7989 83191
69965 4689
Coordinates:
65347 41782
80755 70054
27768 35694
73301 34971
64236 28300
83966 29495
52202 21920
58336 53989
95191 92090
52601 68423
83711 24925
4215 32629
83925 23734
26804 59719
7989 83191
69965 4689
With Genetic Algorithm:
Time: 1.01103 seconds
Area: 60505172475
Dimensions:
65347 41782
70054 80755
27768 35694
73301 34971
28300 64236
83966 29495
21920 52202
53989 58336
95191 92090
52601 68423
83711 24925
32629 4215
23734 83925
59719 26804
83191 7989
4689 69965
Coordinates:
65347 41782
70054 80755
27768 35694
73301 34971
28300 64236
83966 29495
21920 52202
53989 58336
95191 92090
52601 68423
83711 24925
32629 4215
23734 83925
59719 26804
83191 7989
4689 69965
