Without Genetic Algorithm:
Time: 0.0103711 seconds
Area: 548122806
Dimensions:
7499 387
4641 9108
3832 8513
1946 1598
9936 5152
6285 8083
2085 4765
54 5206
8025 9774
491 6475
5456 1183
591 8291
959 6950
1624 7507
186 5758
8464 2430
Coordinates:
7499 387
4641 9108
3832 8513
1946 1598
9936 5152
6285 8083
2085 4765
54 5206
8025 9774
491 6475
5456 1183
591 8291
959 6950
1624 7507
186 5758
8464 2430
With Genetic Algorithm:
Time: 1.01013 seconds
Area: 542813999
Dimensions:
7499 387
9108 4641
3832 8513
1598 1946
9936 5152
6285 8083
2085 4765
5206 54
9774 8025
6475 491
1183 5456
8291 591
6950 959
1624 7507
186 5758
2430 8464
Coordinates:
7499 387
9108 4641
3832 8513
1598 1946
9936 5152
6285 8083
2085 4765
5206 54
9774 8025
6475 491
1183 5456
8291 591
6950 959
1624 7507
186 5758
2430 8464
