Without Genetic Algorithm:
Time: 0.0110964 seconds
Area: 656469744
Dimensions:
8609 8557
9945 8859
9720 6845
6498 2080
5908 3594
1816 3101
4770 7078
559 825
1465 7098
4494 9081
6233 4589
6939 4381
7092 8034
2697 3981
5156 1795
551 8607
Coordinates:
8609 8557
9945 8859
9720 6845
6498 2080
5908 3594
1816 3101
4770 7078
559 825
1465 7098
4494 9081
6233 4589
6939 4381
7092 8034
2697 3981
5156 1795
551 8607
With Genetic Algorithm:
Time: 1.00967 seconds
Area: 649069122
Dimensions:
8609 8557
8859 9945
9720 6845
6498 2080
3594 5908
3101 1816
7078 4770
559 825
7098 1465
4494 9081
4589 6233
6939 4381
7092 8034
3981 2697
1795 5156
551 8607
Coordinates:
8609 8557
8859 9945
9720 6845
6498 2080
3594 5908
3101 1816
7078 4770
559 825
7098 1465
4494 9081
4589 6233
6939 4381
7092 8034
3981 2697
1795 5156
551 8607
