Without Genetic Algorithm:
Time: 0.111676 seconds
Area: 852.72
Dimensions:
5.6 1.3
9 9.8
9.8 3.8
6.9 4.5
7.2 5.8
7.1 9.3
6.2 2.8
4.7 1.6
9.2 9.4
5.8 4.1
9.1 7.7
4.5 4.7
4.2 2.1
5 4.9
7.2 7.2
6.4 9.4
Coordinates:
11.6 11
17.4 13.8
0 9.8
0 27.8
7.1 18.5
0 18.5
16.2 1.6
9.8 0
17.2 4.4
11.6 13.8
0 2.1
7.1 13.6
0 0
0 13.6
14.3 23.6
9.8 1.6
With Genetic Algorithm:
Time: 0.408815 seconds
Area: 741
Dimensions:
1.3 5.6
9 9.8
3.8 9.8
4.5 6.9
5.8 7.2
9.3 7.1
6.2 2.8
1.6 4.7
9.2 9.4
5.8 4.1
9.1 7.7
4.5 4.7
2.1 4.2
4.9 5
7.2 7.2
9.4 6.4
Coordinates:
28.7 7.7
15.9 7.7
24.9 7.7
9.3 7.7
23.1 17.5
0 6.4
9.3 14.6
9.2 17.4
0 14.6
23.4 0
9.4 0
10.8 17.4
13.8 7.7
18.5 0
15.9 17.5
0 0
