Without Genetic Algorithm:
Time: 0.234043 seconds
Area: 674.4
Dimensions:
2.4 5.3
8.3 4.5
8.4 8.9
3.2 1.6
7.1 8.2
8.2 8.9
6.1 4.4
5.1 4.6
6.2 4.3
2.3 1
9 6.8
3.5 8.1
1.1 1.1
2 8.5
2.6 6.3
1.1 6.3
Coordinates:
20.9 17.8
1.1 4.6
19.7 0
9.4 0
12.6 0
19.7 8.9
12.6 8.2
1.1 0
14.7 17.8
12.1 18.9
1.1 17.2
1.1 9.1
10.1 22.1
10.1 9.1
12.1 12.6
0 0
With Genetic Algorithm:
Time: 1.20684 seconds
Area: 595.41
Dimensions:
2.4 5.3
8.3 4.5
8.9 8.4
1.6 3.2
7.1 8.2
8.2 8.9
6.1 4.4
5.1 4.6
6.2 4.3
1 2.3
6.8 9
3.5 8.1
1.1 1.1
2 8.5
2.6 6.3
6.3 1.1
Coordinates:
8.3 11.7
0 8.9
13.4 10.1
8.3 0
14.4 18.5
0 0
8.3 21.6
8.3 17
1.1 21.6
10.7 3.2
13.4 0
0 13.4
0 21.5
8.3 3.2
10.7 5.5
13.4 9
