Without Genetic Algorithm:
Time: 0.120831 seconds
Area: 577.39
Dimensions:
4.2 1.9
1.7 5.2
7.5 3.2
6.5 7.7
7.2 4.6
1.2 7.2
6.3 7.7
6.8 5.7
7.1 5.3
9.7 6
2.2 2.8
5.9 6
5.6 1.5
4.2 5.5
3.6 9.5
6.6 9.3
Coordinates:
16.8 5.5
16.7 7.4
24.3 7.2
0 5.3
18.4 13.4
30 0
25.6 10.4
23.2 0
0 0
7.1 0
21 0
18.4 7.4
0 13
16.8 0
6.5 7.4
10.1 7.4
With Genetic Algorithm:
Time: 0.422327 seconds
Area: 575.75
Dimensions:
4.2 1.9
5.2 1.7
7.5 3.2
7.7 6.5
7.2 4.6
1.2 7.2
6.3 7.7
6.8 5.7
5.3 7.1
6 9.7
2.8 2.2
5.9 6
5.6 1.5
5.5 4.2
3.6 9.5
6.6 9.3
Coordinates:
10.8 15
15 18.2
15 15
6.3 16.9
15 19.9
0 0
0 16.6
10.7 0
0 9.5
17.5 0
17.4 9.7
4.8 0
17.4 11.9
5.3 9.5
1.2 0
10.8 5.7
