Without Genetic Algorithm:
Time: 0.00936084 seconds
Area: 81277958664
Dimensions:
43818 29851
61491 98100
33275 86673
42601 82319
55172 38940
9054 4402
93276 76258
61745 9077
57622 98287
46493 92917
6089 97001
78591 87176
96428 82787
62578 28343
97262 32305
93816 16591
Coordinates:
43818 29851
61491 98100
33275 86673
42601 82319
55172 38940
9054 4402
93276 76258
61745 9077
57622 98287
46493 92917
6089 97001
78591 87176
96428 82787
62578 28343
97262 32305
93816 16591
With Genetic Algorithm:
Time: 1.01001 seconds
Area: 73546040696
Dimensions:
29851 43818
61491 98100
86673 33275
42601 82319
38940 55172
4402 9054
93276 76258
61745 9077
57622 98287
92917 46493
97001 6089
78591 87176
82787 96428
62578 28343
97262 32305
93816 16591
Coordinates:
29851 43818
61491 98100
86673 33275
42601 82319
38940 55172
4402 9054
93276 76258
61745 9077
57622 98287
92917 46493
97001 6089
78591 87176
82787 96428
62578 28343
97262 32305
93816 16591
