Without Genetic Algorithm:
Time: 0.0113051 seconds
Area: 696922044
Dimensions:
2637 2242
5014 9358
9730 9207
1813 5886
5687 3999
676 3027
4879 7610
1779 7144
6744 7558
4010 7604
9519 8244
4995 9090
6800 5790
3303 3641
496 3960
9889 3248
Coordinates:
2637 2242
5014 9358
9730 9207
1813 5886
5687 3999
676 3027
4879 7610
1779 7144
6744 7558
4010 7604
9519 8244
4995 9090
6800 5790
3303 3641
496 3960
9889 3248
With Genetic Algorithm:
Time: 1.00883 seconds
Area: 687420351
Dimensions:
2637 2242
9358 5014
9730 9207
1813 5886
5687 3999
676 3027
4879 7610
1779 7144
7558 6744
7604 4010
9519 8244
9090 4995
6800 5790
3641 3303
496 3960
3248 9889
Coordinates:
2637 2242
9358 5014
9730 9207
1813 5886
5687 3999
676 3027
4879 7610
1779 7144
7558 6744
7604 4010
9519 8244
9090 4995
6800 5790
3641 3303
496 3960
3248 9889
