Without Genetic Algorithm:
Time: 21.0001 seconds
Area: 5191452
Dimensions:
133 336
378 119
140 161
119 49
119 175
406 140
497 140
119 196
294 119
119 161
266 119
119 336
119 126
371 182
203 182
182 203
119 84
294 133
182 350
140 315
133 315
560 133
140 133
133 175
231 133
315 133
182 98
210 210
378 126
119 182
119 119
357 119
119 84
2058 1463
Coordinates:
2058 1148
140 0
2058 1484
1169 0
1288 0
140 308
637 644
385 448
140 126
553 126
0 448
1582 0
1470 469
266 644
1785 336
1470 595
1652 595
1288 175
2058 798
896 0
1036 0
910 315
0 0
2058 518
504 448
1470 336
2058 1645
2058 119
518 0
434 126
1988 0
553 315
266 448
0 826
2268 2289
0 0
With Genetic Algorithm:
Time: 12.0026 seconds
Area: 4770150
Dimensions:
133 336
119 378
140 161
49 119
119 175
406 140
497 140
119 196
119 294
119 161
266 119
336 119
126 119
182 371
203 182
203 182
119 84
294 133
350 182
140 315
133 315
133 560
140 133
133 175
231 133
315 133
98 182
210 210
378 126
119 182
119 119
119 357
84 119
1463 2058
Coordinates:
1960 1015
1841 434
1463 140
1834 161
1960 476
1463 0
1666 1806
1841 812
1666 1351
1869 0
1463 1176
1463 1057
1463 1295
1799 1351
1463 875
1463 1414
1666 1722
1463 616
1463 434
2121 1428
1960 161
2093 868
1981 1428
2177 182
1603 140
1463 301
2079 476
2093 658
1463 749
2093 0
1547 1946
1960 658
1463 1946
0 0
2310 2065
0 0
