Without Genetic Algorithm:
Time: 1.02307 seconds
Area: 154144200
Dimensions:
3234 1708
672 1554
1008 2184
1610 3080
1386 532
882 1862
868 350
1246 644
462 980
616 294
826 378
798 406
672 266
406 924
406 840
322 798
756 392
1078 392
826 392
798 252
826 392
364 952
1134 490
798 266
322 784
728 350
364 840
1064 518
994 490
728 1302
1050 392
784 378
1890 952
560 1148
854 392
448 994
1218 560
448 966
784 364
392 868
364 854
378 168
532 910
1302 630
1162 672
504 1204
812 434
728 1302
742 392
7840 7672
Coordinates:
3234 1708
672 1554
1008 2184
1610 3080
1386 532
882 1862
868 350
1246 644
462 980
616 294
826 378
798 406
672 266
406 924
406 840
322 798
756 392
1078 392
826 392
798 252
826 392
364 952
1134 490
798 266
322 784
728 350
364 840
1064 518
994 490
728 1302
1050 392
784 378
1890 952
560 1148
854 392
448 994
1218 560
448 966
784 364
392 868
364 854
378 168
532 910
1302 630
1162 672
504 1204
812 434
728 1302
742 392
7840 7672
With Genetic Algorithm:
Time: 1.9558 seconds
Area: 150598952
Dimensions:
1708 3234
1554 672
1008 2184
3080 1610
1386 532
882 1862
868 350
1246 644
980 462
616 294
378 826
798 406
672 266
924 406
840 406
322 798
756 392
1078 392
826 392
252 798
392 826
952 364
1134 490
266 798
322 784
350 728
364 840
1064 518
994 490
728 1302
392 1050
784 378
952 1890
560 1148
392 854
994 448
560 1218
966 448
364 784
392 868
854 364
168 378
532 910
630 1302
1162 672
504 1204
812 434
1302 728
392 742
7840 7672
Coordinates:
1708 3234
1554 672
1008 2184
3080 1610
1386 532
882 1862
868 350
1246 644
980 462
616 294
378 826
798 406
672 266
924 406
840 406
322 798
756 392
1078 392
826 392
252 798
392 826
952 364
1134 490
266 798
322 784
350 728
364 840
1064 518
994 490
728 1302
392 1050
784 378
952 1890
560 1148
392 854
994 448
560 1218
966 448
364 784
392 868
854 364
168 378
532 910
630 1302
1162 672
504 1204
812 434
1302 728
392 742
7840 7672
