Without Genetic Algorithm:
Time: 21 seconds
Area: 162519000
Dimensions:
1826 3146
1826 3146
1826 3146
1826 3146
3186 1832
3186 1832
3186 1832
3186 1832
286 826
10500 10500
Coordinates:
3186 12332
6838 12332
5012 12332
8664 12332
3186 10500
6658 10500
0 10500
0 12332
6372 10500
0 0
10500 15478
0 0
With Genetic Algorithm:
Time: 1.00006 seconds
Area: 167832000
Dimensions:
1826 3146
1826 3146
1826 3146
1826 3146
1832 3186
1832 3186
1832 3186
1832 3186
286 826
10500 10500
Coordinates:
10500 0
12326 6372
14158 0
10500 6372
14152 7198
14152 4012
10500 3186
12326 0
14152 3186
0 0
15984 10500
0 0
