Without Genetic Algorithm:
Time: 0.00579007 seconds
Area: 42722316
Dimensions:
1036 462
700 378
210 980
980 210
210 980
546 3304
546 3304
252 2016
462 3080
252 2016
462 3080
4200 4928
Coordinates:
1036 462
700 378
210 980
980 210
210 980
546 3304
546 3304
252 2016
462 3080
252 2016
462 3080
4200 4928
With Genetic Algorithm:
Time: 1.00584 seconds
Area: 36197280
Dimensions:
462 1036
378 700
210 980
210 980
980 210
546 3304
3304 546
2016 252
462 3080
252 2016
462 3080
4200 4928
Coordinates:
462 1036
378 700
210 980
210 980
980 210
546 3304
3304 546
2016 252
462 3080
252 2016
462 3080
4200 4928
