Without Genetic Algorithm:
Time: 21 seconds
Area: 58711114
Dimensions:
616 1295
490 1295
2534 1295
1295 2569
840 756
1162 1939
1652 1218
882 1316
2114 1295
1939 1295
6412 5831
Coordinates:
0 1295
0 3234
4053 0
490 3234
0 5803
616 1295
6587 0
840 5803
1939 0
0 0
1785 1295
8239 7126
0 0
With Genetic Algorithm:
Time: 1.00007 seconds
Area: 59266284
Dimensions:
616 1295
1295 490
2534 1295
2569 1295
840 756
1939 1162
1652 1218
1316 882
2114 1295
1939 1295
5831 6412
Coordinates:
2569 6412
3185 7707
3185 6412
0 6412
1939 7707
0 7707
2114 8869
4480 7707
0 8869
3766 8589
0 0
5831 10164
0 0
