64
9830 4951
5797 806
1575 1074
8073 7800
6696 6848
9768 7890
6579 8298
9793 7412
1698 1471
6072 8526
7931 994
9046 6651
3652 2772
2627 5801
4603 974
1511 1775
2304 1300
5322 3399
3957 1054
2749 8779
8535 6407
4299 8851
7928 2375
8034 304
885 6305
6147 4937
8382 9329
7726 5192
7532 6029
3449 446
963 6152
1804 2056
2388 4428
525 3818
2896 6517
7876 7007
4968 4743
2817 7826
7614 9482
4362 4671
2942 7723
4037 2906
1389 2158
597 3249
5895 3450
415 2745
633 9646
6257 8659
2598 2531
6656 3287
3261 9795
4637 6585
5007 218
6560 9721
45 9576
955 5636
4811 248
4008 4781
6714 8875
531 8322
1912 7789
50 1292
9991 6601
6403 9257
