64
2026 9685
1994 2389
8765 7778
8081 4943
3048 5455
8288 8739
2569 1237
7786 9072
2804 2320
892 9259
8947 7025
7028 4929
8310 7680
4049 8983
2113 8335
6504 6670
4561 583
4841 4880
3772 2889
6967 8213
2314 7202
5195 7080
5326 4621
5902 5841
9287 1167
9633 6776
1515 7977
4825 4606
1239 149
5534 3740
7328 5860
2557 5438
249 664
4958 6803
3369 3753
8993 1905
3062 1711
7357 4229
4517 4760
3140 3482
3122 5858
6439 5797
9907 652
9632 8352
3713 5479
7339 7486
9851 3423
9898 4348
2693 7094
3927 2287
6016 9920
1286 5460
2103 5609
5253 6757
3086 3122
4013 6139
3598 6432
2311 8520
5406 6189
9768 9475
2997 7594
2943 5696
8892 1415
9038 5374
