64
8994 1687
696 8318
8963 4334
1858 6922
284 3031
5929 3961
7272 365
1078 2195
4654 1045
849 9194
6541 3977
3169 7722
8927 5511
2504 3942
9141 7277
3681 5809
5305 3014
7427 1105
9906 1003
2373 8123
4587 8717
5363 5518
9873 5948
7641 3564
3073 3546
4212 8306
7434 9622
7257 6841
13 824
7779 5579
3364 7913
9350 5181
6814 9182
4810 4369
3279 7992
8654 6183
6886 4234
8280 9729
9087 6755
36 8850
7646 6872
4694 721
4309 7634
7835 9263
5867 8635
7760 9131
3820 6986
5300 888
2885 168
4358 7498
5103 93
4059 7225
9151 7266
6065 6020
4774 6734
7744 9278
6350 1226
7347 4506
5054 467
7497 3766
7227 3526
275 5105
6331 1430
659 6767
