64
6532 39558
95207 66777
62050 86331
70203 6069
12175 57315
9555 21138
5402 81289
61568 15212
43507 8160
67870 14307
27775 34100
85576 2455
46123 69883
63625 91202
37285 87686
51782 23912
64075 75925
98494 17431
92372 80867
23176 40911
56285 51254
76348 42
7235 82034
6245 44056
39842 45301
19209 84917
98747 43138
10942 85550
17444 27776
3674 57427
5066 53707
25338 2237
80829 87692
96683 98674
6369 14910
66734 66104
74210 13567
59903 47315
82154 82697
6324 98948
19259 52856
48289 60535
5563 25725
64029 80344
96497 82938
96331 62531
9 30287
59919 76861
91955 33256
6969 47793
53469 98295
84443 42943
63667 34791
16636 86184
37507 59716
54702 50985
67933 56656
92640 21133
12164 39077
36017 93438
72820 63502
42157 5986
11942 49241
4249 96109
