64
8902 4624
711 1260
8248 8397
2800 3046
8927 9054
3890 8495
14 3088
7815 9106
2904 2784
2633 4930
1358 2466
6078 4692
3186 4189
5196 8702
3084 4575
5924 2764
8493 6000
2753 2440
2568 4840
9159 7473
4487 597
5716 2697
9798 9523
8596 2474
6406 4599
2868 6699
6736 1040
3368 383
1346 6880
4134 5554
3531 5722
7431 5856
6820 3074
3700 2730
1487 7789
747 4309
8040 7938
1190 6378
8592 8702
642 8345
2762 1366
4613 8670
9232 3004
1105 9841
412 8332
4235 8084
5364 5546
2046 7082
2999 1905
4594 837
2009 8699
3213 4738
7592 5917
6847 3071
6663 255
1913 3723
6782 409
8469 5805
3680 186
5981 8666
53 2514
230 6428
3164 4491
3855 8414
