64
1845 2493
2277 2683
3658 2926
6387 5292
1309 9931
5378 6405
6686 8955
4347 2184
1484 332
7013 8171
7589 3070
3382 3390
1755 94
1500 5451
731 5112
5136 3757
2096 7584
7663 9287
3378 2343
4242 4651
1935 5889
3691 4378
2727 4119
8632 8523
8937 61
8405 7371
3077 3106
9639 1494
74 4574
4636 5229
2276 1003
1078 7059
4084 2414
6143 8726
2073 9534
111 5350
6245 9852
5768 5394
464 197
4096 1304
4979 6365
2 9276
4238 9671
7116 3298
5015 8146
3105 1817
2144 5124
3337 6157
4067 7001
9905 2262
3097 5145
7546 4441
1749 3065
8139 6468
284 9573
1411 2546
4720 8980
6097 4756
4980 2014
6311 639
633 9090
686 4928
9212 4014
2781 4491
