64
2047 2860
7499 1555
9289 701
6428 8823
7799 1283
2677 9373
4073 9726
2996 5231
1748 2115
568 209
5632 9826
9080 3959
8941 2514
4666 1360
5465 2685
1449 9546
9354 8023
2474 236
7475 5059
5141 2778
311 533
2693 5211
5987 4043
7635 6262
4058 9895
19 2880
4234 3700
3256 8478
15 3157
6121 4734
7365 3607
7316 8227
163 4185
6919 9063
3088 9902
3672 8992
4176 4331
5513 73
5060 9
4938 2503
7127 2382
5099 8831
2834 9607
3835 4315
9101 6133
3176 4775
252 8367
5634 8317
2084 4285
7988 7371
6368 5320
2249 6137
4163 310
861 734
8845 9969
7455 7304
4759 911
80 9321
3950 9397
574 8652
1627 3649
2432 3425
7883 3319
9665 29
