64
1326 6349
9044 6780
3520 1196
6348 5640
5443 652
8771 4422
3687 1344
5054 2535
2493 6405
2086 2640
7229 5566
2489 7991
3868 6245
3176 1221
979 2074
2708 5014
7136 6736
4643 1144
1881 8160
8048 6093
9381 205
9888 6712
5160 6795
7655 6748
4341 7795
4450 2170
3311 670
2804 5812
1415 3455
701 1143
9866 6112
4553 4855
3890 4833
4974 8155
2727 3618
5511 2169
4142 3389
2852 8393
4811 8523
1952 4713
9217 43
4515 1121
9317 5725
9941 4891
1643 4878
3816 7345
9944 6508
4352 8911
1337 9736
3338 8048
5333 2784
9149 8460
1133 2335
1855 4602
4660 2381
3474 8017
6146 3499
2379 9417
7498 481
5697 5549
6394 1928
230 1151
9616 7999
4029 9433
