64
70064 5005
57471 5767
32375 40809
20087 1243
92819 13681
39640 90224
54334 32745
11859 33523
80946 54759
30218 11602
74432 76508
1060 93466
52525 82759
22535 29156
34482 60802
20536 50808
87494 30994
93075 33051
70382 11193
83305 52325
89841 43527
73377 23107
72395 42104
73079 97280
53529 3545
1678 87949
93535 88958
58177 4715
51201 24807
26768 44080
18066 46051
32075 3172
18457 51673
95454 36116
1362 44350
38123 52402
37676 7899
28220 76537
43560 49430
16937 46814
52700 50200
18227 68337
61601 45860
19734 96433
44210 18975
5297 76192
5353 78111
52185 65248
3677 3296
63611 98659
28336 42726
25184 2487
58310 2758
1520 91301
42533 78446
51504 20791
70691 47107
65564 47935
28016 91614
34898 12142
30376 29563
2918 60394
87993 29528
19654 53925
