64
3808 9129
4264 147
9488 4450
5111 5617
4283 8425
2155 4210
4681 2607
5422 6256
292 2785
2280 3580
569 1347
927 5084
3359 6020
8585 3105
3335 9532
8229 8186
8426 8049
9711 2296
755 8270
9012 4700
671 6876
8957 6961
717 9630
8303 2754
5659 454
8872 517
880 4997
4117 3542
7054 3312
5760 4842
486 7187
4276 8512
3835 6039
204 869
8260 7485
2547 3095
7690 3172
3726 8706
4825 7165
6171 6012
8722 6850
7834 5635
6807 1952
4713 190
1954 8713
2213 7525
7100 4089
5242 1369
9429 677
3302 9567
3232 1212
7953 6294
7145 3980
1176 1306
4171 7915
5673 9359
3403 9645
6811 4097
8874 5984
6886 2620
8112 2570
8535 7564
9670 4039
1624 3421
