64
9234 8855
4799 6319
2837 7484
3229 4288
7978 2563
2113 7683
8551 8756
592 4303
9057 6386
2991 6933
1800 1917
4789 5697
303 8142
796 9748
6502 7649
4974 9844
2157 2285
7280 4013
1204 6388
9634 7009
4206 9252
4929 2424
5842 2573
4304 8022
716 1890
4200 8569
3043 8410
5704 3456
2832 9882
1113 8473
5338 6109
9605 9446
908 2588
7097 7433
5961 8251
7464 8448
2748 1663
5098 1312
6931 4941
3100 971
3150 236
422 5382
4278 4854
6561 5055
2095 2551
2817 2261
1879 8371
7711 3158
9068 6808
2982 7706
4058 5216
2958 4287
9066 3111
3153 1185
3715 4033
2245 2746
1999 9238
6996 9816
8979 8444
7219 5463
1128 7310
2779 6411
3131 8985
3256 7649
