64
56233 26159
83423 85586
4748 8175
6304 64251
35020 29804
10475 21042
48051 90129
6759 60112
8296 7660
92537 60969
6665 96537
24636 15494
47133 11364
62666 46993
891 10102
37860 55444
86335 64050
83618 85059
41402 23585
8210 97134
84511 20604
92881 3893
79514 78774
72310 55981
68533 38658
28035 13730
63460 91229
51748 48791
64836 81358
43476 98089
85212 28998
44355 44125
41592 86287
48608 12985
67750 26516
6866 60887
54995 1898
44161 93398
86462 31741
63588 31090
10501 30182
14868 96200
42431 68739
96504 69776
52681 66893
20726 31365
28949 23475
64238 32800
86276 31536
48438 7334
66706 69114
2257 48860
19028 84493
68764 73992
15527 98183
10876 22778
99127 81440
59140 55325
66515 38497
62657 85976
20755 83813
31797 8423
68289 56275
76755 11348
