64
2466 2953
4004 2366
5768 5737
2163 8265
3074 2799
9840 7465
1120 2118
6744 7933
1116 3565
1878 5042
9560 6009
7830 1472
3143 9343
5811 5510
8785 1755
6407 1444
6050 9683
7562 4109
5018 7677
1799 4128
4213 9199
4574 961
2259 2013
1936 1096
3133 7393
2847 4364
848 8743
6322 9943
2640 9309
813 7989
3467 2776
7640 8785
5572 2978
3956 508
3103 2199
478 2569
1000 2167
3443 6579
5346 9209
419 8841
614 2144
8229 6456
5960 6960
8312 8222
5024 8462
4689 1377
3110 3346
5898 2550
3059 7191
5757 243
4450 576
8102 7192
202 9745
8003 7173
5616 4951
87 9724
8261 5844
5902 8727
3508 8123
4596 1712
827 7455
3327 2804
3171 9707
7617 4516
