64
8833 6859
3131 583
241 5388
669 1515
1335 65
6023 3739
367 7248
5316 2117
2477 9818
7750 8580
4259 270
8619 7062
5846 6224
2713 8228
2769 9356
8159 3675
1671 1258
6743 5413
2453 6118
5893 1888
3667 1092
3526 5868
7448 8642
2643 4012
8592 8770
2079 1660
2158 3288
3631 4701
8226 9631
8311 3790
6408 4803
7140 7853
2254 6912
8730 4730
5382 4609
1958 9561
4412 1682
7592 4140
3184 2672
4349 6273
8842 7232
6478 7170
4677 2842
1464 9333
5624 7257
4646 191
1937 5655
1499 5283
5804 3157
2971 3512
7353 3740
545 4130
3902 1616
4258 8376
298 6609
7963 5810
6226 7547
9950 4227
8181 6656
705 6692
5520 1194
7566 1740
1747 3831
9175 487
