64
94 847
968 211
502 985
76 901
310 354
225 659
832 76
354 292
338 735
761 283
436 204
687 15
15 340
100 354
395 233
758 349
663 858
917 797
902 385
752 566
165 31
761 36
589 171
429 854
760 39
867 418
5 599
360 226
325 698
558 910
65 653
962 388
194 827
124 55
288 429
884 509
886 807
490 575
167 47
962 682
192 873
976 163
232 993
283 213
476 561
863 876
723 324
279 321
638 876
981 326
529 931
59 852
494 111
648 490
534 934
609 759
664 318
660 767
831 458
162 544
612 789
562 946
242 311
241 663
