64
5976 2944
8508 9374
5037 1283
5591 8879
4512 532
7905 6780
2539 6421
1881 6166
9212 9121
9791 3664
1811 3764
1032 1471
5851 4243
1621 4566
2565 3297
5659 8852
3267 3426
1940 6064
122 9708
9442 9802
8067 3374
6456 6845
4875 801
5683 105
9913 7544
8976 7117
9749 2160
6583 4335
9848 5235
9243 8887
2400 2586
1851 3560
6700 5503
7110 8074
9104 9861
1720 2034
3330 2654
2312 3378
6177 8765
9139 2118
6636 8667
7491 7485
6828 7161
275 3444
5225 4797
7771 5600
5983 3493
6256 870
29 7291
9771 8354
9835 8744
5754 5366
8039 8566
121 5511
8238 1931
185 9869
209 9290
2888 5114
5578 3838
5787 1611
299 8150
808 5359
8211 4797
2453 8417
