64
7805 8684
6260 1350
6377 9023
6211 7613
889 658
5353 2215
8123 6937
1967 8088
9897 6814
1179 4930
4201 8309
7585 890
5011 4625
5776 9679
9838 15
7686 4801
1131 2622
5271 5894
4865 6204
4603 9256
4576 1610
1122 9198
9514 3921
7026 2425
2264 1109
206 2096
8351 1009
4691 4024
5923 4128
2283 8582
87 5078
6423 3192
620 1756
2754 4032
7763 7953
23 7209
5344 5535
3548 2938
8005 4554
5967 4850
705 9464
5928 2743
5025 4094
447 795
6277 7589
8815 6103
436 9906
1364 1965
5245 2259
5677 8521
4013 4617
7106 3597
2102 6562
4860 2438
9594 1261
9421 3010
2454 3478
9634 8472
1655 4712
4108 3058
3144 8253
3999 292
2531 5190
9139 9647
