64
39104 59292
79296 60491
55879 19675
93770 23278
86047 23745
90879 97740
13905 79512
27178 48452
22074 79389
9402 95302
23538 54810
63244 21675
72831 96087
87040 28673
90005 23460
70023 35381
97586 68907
80123 70385
69397 30060
16126 3652
93680 54893
1413 80345
10062 69282
88858 78429
88576 97847
86928 47526
48224 35435
17747 84252
41780 63875
51313 7571
32055 49618
3403 1572
27482 49081
6023 53691
19496 52140
23139 60907
62379 65821
8029 46656
43574 43328
34930 61384
94426 85688
63733 6476
26244 2651
1541 70053
22253 96246
39081 72493
19408 66671
84692 10934
83756 74432
73510 68855
27316 67064
80721 76102
36960 67181
34181 13635
56571 19453
8956 65065
9920 17925
81232 43320
5974 68669
83330 4884
17712 15511
77695 53168
2154 85398
19568 75206
