64
74493 40970
397 76200
54448 63934
7306 53597
68430 42517
17591 53098
28931 42350
70529 65271
96044 70511
95682 24552
76499 43747
58748 97639
46308 5944
71287 85319
499 1354
96826 84386
82166 72222
85903 87812
37387 59001
25759 95792
83179 42114
83303 26010
57312 23794
54123 10980
91407 4725
42102 18441
95207 67874
10383 46595
83261 54382
94674 9660
38551 82644
273 53180
11725 57073
34913 31589
80502 42399
48175 39328
99802 10998
14047 51731
95808 93940
76966 83237
27930 12546
19612 10010
81022 20913
44461 65611
55526 50335
40330 83598
50304 25397
98839 61666
72960 46433
33030 33127
29919 48785
60663 36428
72443 92809
18089 87684
39164 15180
97379 82725
30132 42125
23948 59845
80963 15171
534 3754
10623 40210
30976 34679
22961 89459
29157 51272
