64
1692 8546
5448 1359
7289 6037
8962 4718
7147 5434
6850 7001
5363 5842
7052 2977
9609 6326
5431 8750
2414 4975
5740 7602
1654 4111
9716 8482
3378 6836
9663 103
3092 3898
548 2593
2193 9260
2187 1185
9618 1601
6140 5278
9770 1581
3619 1647
5522 8648
4177 118
5271 6486
9996 5175
7281 4897
159 9796
37 6190
2744 4810
320 4581
8195 1544
9569 669
984 7284
4246 764
9255 1441
6657 3558
8819 1278
1374 9730
5435 4353
8887 166
3855 4287
4478 4438
6001 9246
691 2781
27 1036
1360 3647
7107 456
1380 3182
5211 3215
8534 2850
2291 7379
2968 8132
9549 7977
9210 5266
5078 502
8071 2305
7809 1086
9988 231
1784 3639
2124 343
412 7748
