256
58 21
21 3
15 32
8 90
14 24
91 37
80 40
45 31
7 40
98 80
98 1
30 52
37 22
41 106
23 103
7 8
87 57
103 85
18 69
92 43
86 85
84 9
65 8
94 107
75 91
2 65
104 100
100 101
82 41
83 95
92 62
88 10
11 25
37 77
13 59
76 45
71 79
25 61
30 107
5 50
34 19
58 79
53 73
37 98
37 12
80 104
96 24
22 51
27 37
80 107
75 39
59 58
99 47
27 48
41 80
30 53
3 31
74 61
68 47
3 42
39 35
16 57
67 80
50 96
98 24
45 74
72 61
25 89
19 99
68 61
56 55
23 102
51 17
76 80
58 80
9 106
98 94
46 39
6 48
19 106
51 71
100 54
81 37
12 104
60 106
72 89
24 53
6 92
17 106
35 46
27 92
21 31
21 3
17 84
48 43
26 56
87 58
35 30
75 47
44 102
20 81
7 10
84 70
45 57
88 34
33 84
54 65
58 84
40 52
60 6
79 61
92 99
80 88
76 86
61 82
24 19
4 14
50 107
23 64
31 68
29 34
105 3
94 38
28 56
86 13
44 108
49 40
82 99
49 2
105 103
58 3
75 98
5 2
35 76
79 55
93 12
43 17
109 36
105 32
70 58
40 37
88 38
40 59
99 54
5 48
72 42
26 93
2 102
6 29
79 89
40 75
71 78
102 102
93 88
11 67
66 58
34 61
18 13
73 97
50 67
54 86
57 10
43 100
57 81
33 45
95 57
34 52
18 82
108 44
70 99
91 43
36 37
60 6
104 16
52 62
89 26
43 11
108 107
77 37
35 85
12 44
22 98
107 64
1 57
46 103
91 89
60 26
40 33
52 67
81 79
43 3
102 33
30 14
75 86
74 23
74 57
92 97
102 48
51 81
85 109
12 6
98 98
92 64
19 20
40 83
4 19
66 24
94 21
23 4
101 19
44 80
101 109
23 55
8 27
80 14
57 78
72 28
50 100
53 30
53 90
55 39
104 65
18 55
4 63
31 8
8 100
100 16
75 54
94 101
70 52
2 29
99 67
87 66
65 46
75 36
5 14
49 72
34 44
14 19
95 21
40 35
39 20
108 77
102 5
19 6
108 54
76 80
108 67
85 81
44 21
82 76
74 84
54 79
65 51
99 69
44 33
