256
6208 7833
718 5780
6693 9049
448 5828
9301 2734
84 6908
7182 538
7586 4724
6125 4486
1620 3120
4869 5745
1391 3091
1386 3683
6803 1428
2738 3220
9555 6425
7824 9036
3284 2809
1466 5197
4630 6167
9446 2184
275 1180
9870 5909
1120 9784
6780 2521
669 2640
4930 4326
514 8689
5133 7157
8164 4132
2386 2726
488 9371
7133 5115
7647 811
8535 8693
4836 513
8227 9590
897 6232
2273 4024
6886 4537
6331 6690
9070 406
7184 2989
6647 1036
1625 6356
2475 9010
2721 1113
8699 6254
4262 4636
1514 4152
3545 5713
3966 5403
5906 6812
4157 629
2596 7718
5849 9317
3353 1265
1379 4023
5104 6877
2578 7505
7327 843
1550 3147
766 1684
6082 7812
7970 8873
1529 2664
3063 5506
7404 5005
65 593
5479 1322
7227 7222
737 1917
1730 3703
7895 1094
6069 186
1234 8805
9506 9058
726 4299
4679 7962
8467 8169
864 6045
5176 1877
2837 4363
6244 2945
5454 4497
4516 4829
2740 439
4925 8733
5733 4495
1199 5363
9783 8846
7081 9784
926 8758
2255 647
1563 252
1725 8600
7039 998
3920 6143
496 8126
5889 2780
9872 710
9306 1321
2976 1535
7526 3527
4339 1429
422 9736
5604 7698
789 4872
737 4442
621 2275
1039 8829
4253 3391
2325 1057
5591 4918
2631 8190
83 4363
1977 2811
276 5277
487 3763
9083 8719
2064 7754
4650 632
5057 5314
9813 3961
2668 2139
6864 5633
1834 6533
8847 5147
9310 3729
1160 2993
1075 5232
2369 9042
9796 6635
3479 6879
1193 2351
1489 5143
7861 6623
9559 9785
1976 4719
8911 6587
9104 7969
2010 8314
6685 5860
8480 840
4904 4211
9907 2715
468 694
1672 4000
3727 169
7948 5382
476 2043
8435 2782
8653 8904
4748 1810
8672 9821
2728 5691
5444 3562
4684 3711
3620 9947
132 8020
6755 716
4103 5780
8778 3896
5068 7907
495 2511
2933 94
3091 1444
2853 7207
3823 1930
7847 5369
5957 6141
9863 952
2343 2473
8325 8632
8886 6819
946 2887
3600 6580
3275 2143
3878 2474
9482 6625
5153 7075
3711 1792
5054 7832
8593 4164
7720 3750
1354 4137
4765 1192
9324 911
1483 8178
6401 4784
6378 5055
1902 8404
4845 105
9643 9327
6720 4814
7430 7347
2921 1668
1126 2283
9326 9737
8128 805
1575 6737
7092 8539
4959 9282
964 1498
9543 2191
7630 996
1677 2355
8106 563
9137 7332
4062 3478
2002 8716
6884 8702
9815 8826
5733 3328
3254 2495
1886 6042
5233 4217
7195 5898
2179 486
5243 7856
7132 5123
4926 9411
5665 2342
9753 9175
148 4106
1486 2989
4806 8851
7842 1890
9308 5090
1141 854
9880 3624
2186 8820
9544 8325
8675 4874
802 9096
3605 1630
2739 3255
2323 6108
1104 6774
7167 4740
3796 7761
5654 5603
5182 8787
4635 3874
2378 589
4743 480
1901 6766
897 988
1274 7218
9507 4731
6693 7862
3135 2269
7166 7691
9861 6042
5473 6634
6265 8362
