256
3106 4251
7324 9721
8004 4385
8742 1096
8466 6930
6849 3641
7148 7566
6146 905
7548 4697
9935 3000
2341 3585
8768 2036
9790 5848
1466 5705
7155 3980
4899 5772
3779 1211
8137 5385
5827 6127
9273 9691
2863 6047
9101 9605
967 6155
5143 5641
3014 7403
3580 4026
1672 8790
799 9979
4138 7095
6601 916
6661 8549
8051 8486
4601 6104
5452 6395
6066 1798
3337 1009
2296 519
9943 1897
5123 8676
7851 9956
236 5336
2566 2169
5916 1153
7516 2819
2923 9893
6317 2605
9857 2113
2552 7834
9737 2677
4173 2646
720 1130
2183 7699
37 540
5546 5432
1785 6287
2945 2040
1647 8829
8137 4229
391 9657
435 730
2302 6533
8473 1150
1810 1659
955 9469
2678 610
5490 3780
236 3421
2029 5648
7126 5767
4016 5436
2563 9718
3579 8148
6060 4032
1909 3227
6033 5568
3642 6626
4181 2304
9964 5472
8092 5547
562 8985
9591 8354
3612 9658
1202 7555
986 6292
7771 3720
9212 8836
6705 4001
2480 3346
3001 5595
6412 6647
513 9139
2749 3364
7742 4690
8636 9696
4302 8153
2596 7329
7997 853
916 4626
3835 5164
9507 956
7756 2367
4057 5066
2949 2223
1253 7769
3316 7759
2000 4959
7318 4057
207 3531
4244 699
5367 8263
7017 5387
3430 836
1441 5092
3313 7642
7597 3870
4584 6305
8102 6813
5932 2089
937 6167
4822 2111
7982 9998
2488 3664
5813 850
6986 3211
2549 9867
5341 9666
1608 3138
2961 5105
7986 4815
4612 7799
7028 6658
6448 63
2535 9990
9333 9116
6681 1466
1334 1112
5203 7223
7463 7037
5197 6995
6025 4110
2705 3211
6733 872
7624 9018
6269 6650
7205 1604
9604 5657
5659 1376
1249 2828
1557 7271
640 5870
3714 4505
6380 5725
5060 8059
109 1254
5777 6754
9760 8218
5790 976
6496 3962
9854 5394
4369 2466
8759 8507
5351 8275
6153 641
8347 1748
1068 1694
9361 6969
5831 9078
4922 340
442 748
4696 4324
5637 8200
756 3150
1152 6380
8391 2015
8356 9099
1405 6159
1810 8304
9644 6881
5209 7186
3653 3777
8322 4242
357 1082
7545 3995
7510 2020
3239 2633
1370 9253
3298 6071
5857 2324
1396 4774
6102 1022
1022 7439
6391 1598
9826 8161
5339 3488
8870 9297
1029 4323
6552 6187
981 6098
1417 2080
6492 5886
9140 9299
981 5274
232 3531
4603 6858
8217 2612
7319 4332
1012 9853
2007 7029
8128 7976
5099 2466
3369 3308
8678 3480
6833 2579
7175 6171
3788 5911
1633 753
3583 2881
2606 6487
4948 89
8381 1764
390 2620
3098 5904
6130 5749
7173 6978
7036 4435
9323 2430
9050 8382
590 9708
7386 7776
3128 4222
5100 129
3700 3184
7614 3178
8621 1913
4926 6214
7189 1443
4401 3189
4326 2433
6509 9967
1263 9711
9408 4852
2547 3747
4268 2658
6570 8101
6457 5910
2804 5564
8475 9268
1248 9131
6514 9088
9147 1971
488 970
4092 6211
3909 518
40 7687
1891 2480
4841 4953
