256
103 65
109 2
62 3
88 99
24 27
27 3
96 27
97 5
66 62
99 90
21 94
4 40
12 23
35 24
3 6
10 78
23 100
87 59
53 32
2 76
25 75
25 80
101 25
69 37
61 65
58 68
89 9
29 60
66 109
20 44
1 56
60 80
104 109
94 53
35 47
28 51
95 74
32 77
58 103
15 1
103 80
104 25
69 27
11 87
61 98
57 50
29 39
60 29
11 19
91 16
86 109
81 6
14 109
39 35
16 108
99 56
71 25
88 70
14 22
1 105
55 22
29 57
38 73
34 31
67 55
96 27
96 106
44 34
58 13
60 38
39 12
43 77
78 22
71 64
17 43
24 99
101 57
106 77
5 47
37 104
19 27
57 107
93 106
54 61
3 70
93 104
35 74
107 4
94 50
68 41
54 98
71 8
26 27
47 88
7 12
74 31
22 58
19 26
5 16
42 15
90 26
37 95
65 93
79 71
67 84
15 69
104 24
5 3
78 41
78 106
42 2
56 48
23 49
4 9
8 27
25 38
26 39
109 61
64 72
12 46
75 87
43 46
20 57
26 59
70 38
60 66
84 11
81 54
76 61
86 68
19 24
76 1
61 26
13 31
24 96
9 26
99 37
12 51
100 58
42 60
25 18
88 87
76 106
31 105
78 95
64 103
94 88
70 78
109 78
62 89
47 20
80 7
70 17
38 35
36 108
102 43
56 80
11 20
59 48
79 109
105 83
82 100
6 33
100 77
17 17
7 51
48 92
14 29
67 9
88 17
65 13
52 76
86 75
60 68
80 36
82 5
13 56
33 37
106 48
67 67
81 51
55 23
29 97
59 61
12 67
21 84
39 84
5 88
46 72
89 80
83 70
17 44
100 1
108 74
105 29
84 20
84 105
2 27
48 65
62 99
97 32
50 62
24 82
24 70
74 39
67 52
46 8
79 88
98 4
81 95
87 19
59 32
45 105
22 34
109 76
9 22
109 45
2 44
75 59
27 100
48 101
106 63
100 56
105 83
51 38
73 57
105 62
59 77
109 1
79 65
22 2
101 29
39 34
43 56
13 31
101 45
106 39
69 58
39 71
72 20
99 42
94 3
63 105
19 96
89 91
98 61
17 73
93 24
101 48
9 23
104 58
66 94
47 103
28 23
12 71
63 39
