256
705 374
537 763
244 996
473 925
529 428
377 607
83 723
908 505
164 559
205 538
503 168
944 696
53 430
673 178
877 873
369 788
751 946
872 395
593 732
822 411
888 59
824 344
245 353
272 618
912 257
893 35
207 194
192 506
74 586
549 514
909 134
59 788
112 333
855 744
522 320
544 333
522 240
851 637
683 248
977 774
843 867
190 194
133 320
643 964
855 383
919 467
995 904
923 467
854 563
427 258
818 789
590 491
643 317
483 851
103 889
413 495
839 402
207 237
671 97
727 588
905 216
40 629
898 567
246 135
612 348
462 377
307 981
843 449
801 383
983 252
173 28
781 533
350 71
784 483
205 546
136 375
778 709
913 799
111 655
110 874
111 775
34 844
386 421
957 826
868 541
662 221
870 282
471 27
226 388
319 116
283 732
667 255
765 370
325 432
205 76
574 710
427 389
516 758
391 425
637 316
667 70
158 981
105 520
356 312
544 96
930 499
82 269
766 412
236 537
778 380
586 828
580 606
44 769
871 32
481 296
28 423
879 811
951 430
4 14
807 332
464 826
742 807
128 928
453 447
675 837
488 3
654 979
459 632
111 393
663 152
818 943
225 875
669 203
671 919
251 728
73 871
992 425
89 603
62 348
157 784
765 186
119 971
874 366
379 985
120 237
395 439
212 267
638 697
429 944
787 156
348 783
138 362
456 610
784 8
718 523
616 605
654 529
857 312
205 537
63 686
119 861
749 953
370 484
914 60
634 265
229 655
379 774
710 265
373 593
110 716
535 636
316 869
724 65
664 157
941 719
72 964
541 264
984 52
58 749
800 358
47 830
131 489
163 386
998 116
949 617
241 103
739 10
934 942
681 872
624 342
159 457
953 19
496 734
880 220
876 968
613 84
815 159
2 902
831 194
474 727
163 689
168 973
264 66
281 121
324 456
261 558
526 615
885 550
457 68
726 288
454 258
997 504
532 617
186 813
787 124
210 385
545 564
682 635
980 367
404 883
107 79
421 763
608 657
929 854
273 619
591 614
248 31
560 453
600 326
795 417
419 292
105 73
518 33
496 636
903 679
655 962
394 346
195 680
735 398
423 307
773 621
832 93
351 66
886 191
630 569
873 895
947 212
93 766
900 147
164 932
514 32
328 666
828 724
124 120
778 559
110 803
