256
30 47
73 78
76 52
1 92
13 64
100 100
43 40
62 3
7 85
54 49
71 39
85 79
68 80
49 36
25 38
34 93
57 81
22 79
83 69
59 62
20 12
96 56
52 22
4 87
96 12
8 47
6 68
1 26
81 87
74 28
64 41
91 3
48 12
42 105
29 64
92 61
97 66
20 49
70 71
97 40
29 7
97 79
105 104
93 86
81 17
4 66
6 94
90 66
12 36
19 12
44 56
89 92
81 108
29 48
96 13
8 53
9 32
27 29
90 68
17 43
81 80
105 80
81 75
8 12
87 2
105 36
43 35
27 11
55 94
18 50
87 74
58 24
56 1
82 77
89 35
1 10
17 88
32 21
58 48
59 79
52 98
17 80
45 94
56 17
98 61
62 29
4 83
17 47
86 44
5 61
47 71
33 80
22 89
16 29
100 74
107 5
33 61
98 5
87 77
26 17
101 66
95 3
67 103
7 101
13 10
54 92
39 89
60 8
74 84
80 24
58 55
77 95
98 62
31 58
2 46
100 59
8 52
16 89
83 83
101 98
86 25
35 12
71 11
58 64
34 86
75 62
102 94
100 108
64 36
89 68
28 62
15 50
26 62
36 21
17 9
74 73
24 104
55 50
108 91
29 52
63 62
8 57
56 6
102 55
2 73
64 10
1 4
77 19
37 8
109 45
8 66
75 95
86 73
108 101
15 72
65 28
13 37
95 11
40 87
22 108
46 48
100 38
39 16
68 78
89 1
86 79
108 101
28 101
12 11
35 109
22 34
105 92
12 102
93 9
65 43
12 84
52 28
30 90
12 24
1 20
104 47
94 88
3 79
92 3
5 41
34 84
58 9
3 97
5 55
60 7
104 12
86 54
66 17
104 2
78 50
3 2
39 82
30 81
24 103
84 106
36 40
32 5
10 12
48 21
53 7
37 65
69 39
17 7
21 36
3 37
58 44
103 82
19 41
33 39
61 1
109 82
27 98
89 15
5 28
95 109
84 82
28 56
31 60
81 51
94 24
103 82
5 29
31 11
88 33
60 46
84 100
99 9
42 50
90 8
105 96
11 42
46 2
41 80
31 52
36 25
7 78
91 103
93 25
62 8
97 88
41 22
10 37
9 72
101 92
35 52
29 79
85 96
22 79
47 9
72 103
24 43
