256
766 601
806 3529
5976 5352
8791 2101
8276 4468
9729 9316
4 5801
8834 771
5378 8277
1538 3958
6023 4448
461 2398
943 7196
5878 2500
5576 900
3332 8318
9114 5354
2927 7859
135 2018
6722 9610
1801 9389
4935 3429
7708 7046
4298 6735
4412 6646
8456 2778
7269 2421
1796 2575
4400 4375
3027 4418
2821 2919
4905 5742
2011 6355
2993 7600
7128 6153
5939 9365
6726 461
3659 6687
1686 4837
3095 7968
5934 5003
7732 3257
4761 849
8623 9024
1372 9753
5037 8181
3114 9903
3324 7713
7976 9325
7159 6040
6812 2740
1834 5946
459 2984
5600 8472
6128 4522
8629 4995
4510 1690
2602 5064
1443 5793
3255 4590
7220 7530
7071 5680
6725 5422
24 1289
463 8226
8673 3549
8649 4901
2428 6259
192 6846
8077 6859
8045 8982
4074 9699
7954 3400
6861 3309
8058 6979
8761 567
3555 4401
1677 7443
2614 2837
5232 6767
3726 8245
6048 1946
8057 7154
3059 2638
3166 716
1242 5814
4063 5432
9525 2145
5090 3192
54 8232
883 6004
4508 6330
2763 3448
7652 5412
8817 501
9347 4308
2404 4504
5437 392
8763 4510
3062 5308
8905 714
4938 2367
6632 4478
7071 3600
2127 3062
7243 1205
2418 5775
3128 2039
5085 763
2725 6514
417 6864
2324 6862
7420 5111
4551 1515
9186 7356
5791 8645
3557 9227
1223 6865
3379 1827
5390 8051
9115 7916
8834 5613
4219 3728
4417 6852
2683 5929
1516 9318
3452 1545
3091 9500
4680 1823
5137 456
7185 4751
2472 3224
163 8308
1086 1063
257 1108
6633 3140
1310 2308
939 7349
2260 8076
155 6251
8085 2486
8019 3300
6809 7956
5768 1774
8119 469
8153 2159
9133 6813
7514 1567
2421 7994
3243 5371
28 7628
8530 6855
735 2400
7507 9409
3336 4284
6738 117
7870 2405
4522 6327
4745 3195
9633 1085
2927 9922
7794 5660
874 2979
461 6472
6477 4570
7336 4821
1993 4774
5353 5953
8792 1078
6614 9154
4065 4005
1578 3232
1312 6578
9132 3716
6477 2201
7093 9167
1003 6159
9793 6443
7993 1466
8562 3283
9247 5875
7014 7936
2634 2755
7503 2420
5352 8469
3824 8358
8384 9561
1377 2431
5601 9950
1077 2497
4045 9941
9566 1366
7470 7395
92 2973
1214 7772
955 1451
5037 6987
7115 6764
4334 3405
5373 8261
2378 2642
5898 4400
9071 7838
7460 8621
5478 7241
4791 600
1148 5081
5781 2422
2095 7869
9585 7028
4503 765
7962 972
9012 819
5489 5226
5305 3158
459 5523
8436 6995
3741 8385
967 9148
4281 8444
7213 5658
7414 684
3820 2417
6068 5498
8434 1513
8216 4794
5756 6647
4777 9943
8075 1707
5476 2424
6947 6212
8211 8978
9561 5416
3238 2602
2740 1465
2194 6256
6118 9241
5747 8210
1168 3115
2558 8278
7365 5237
971 7901
9872 5660
4480 9667
7307 6721
3265 8858
7792 1834
6548 680
9672 5132
4644 4424
7817 2855
3671 3341
9820 4491
5731 5591
9197 9336
6065 1411
