256
73461 31923
53403 48112
37100 31397
11656 13443
23120 53616
16321 58220
87847 79103
60964 98090
4892 43800
10425 3706
98446 58525
43574 50267
11764 64075
78554 28766
73462 45704
32234 53127
13221 48183
50734 75320
97278 94478
23352 54461
16312 92121
89160 2457
56789 96815
14463 57832
83355 232
80861 28880
16059 6420
15359 63286
20882 39227
21522 51495
3615 63078
24744 82116
1867 82704
96344 94526
4998 38683
70960 17977
29617 95700
45321 26102
65694 31965
11473 76576
91745 8713
92756 63352
4490 69438
20926 12235
13595 55895
75029 15619
99875 58746
28541 69780
11359 77988
1920 29204
92637 81550
62980 70727
76235 70203
75757 72199
39193 17947
68527 71011
69512 20664
42529 706
39407 89488
86195 28769
92350 97467
76696 867
12125 29108
67961 70010
1491 86432
45520 47801
60946 67303
82697 11759
35366 87782
68683 4156
16938 29971
74015 22697
63477 78257
6365 65102
57839 80678
52961 66058
62678 86454
96148 80515
79549 47862
33934 77032
44126 21722
34972 16806
69411 19596
3858 78094
95696 4840
76576 99177
49784 71571
25807 45620
14559 68738
56878 88775
91561 10664
2805 24123
30397 65678
7722 51130
77404 41763
10724 56760
69463 51438
13337 42648
35035 14649
41150 91279
68481 45941
75321 53673
44195 51859
84897 78855
52245 4984
96827 49696
78072 84211
13573 20436
42710 38218
36019 62583
58282 29357
93872 19512
52736 9709
49442 87634
34872 74161
69574 87615
75348 88516
30947 96654
11748 71726
60961 57914
82688 17198
55746 46381
23139 59694
63989 29759
91752 78533
50911 1492
90789 16963
43044 23343
38262 10300
1828 27748
12853 82742
68193 999
29686 46166
52810 99203
68961 34101
13099 83435
45402 23617
33146 24841
28178 54058
89303 92755
8373 76694
33066 96129
36213 28378
20489 4537
90747 80843
81595 35259
8578 12225
23066 67529
567 11317
98171 76725
98333 35862
24687 4840
41405 80849
49006 90714
87981 192
79569 61105
96994 22632
41573 74407
23392 36114
42885 8948
24229 57701
25403 47081
25350 5125
48976 55791
45557 52829
3104 75499
58762 66042
50610 86803
2162 71822
17144 2040
43846 70911
86579 12791
25172 42265
35614 62985
81333 32860
39317 52126
73120 44769
79153 78161
13096 30036
38898 98495
99342 63168
54426 58473
47974 3280
81732 54095
65811 70654
80003 42842
15667 65108
43041 9562
49145 55354
69858 46959
20575 36481
91488 4887
27196 38326
4892 15134
34658 61017
75394 35567
20751 72997
44827 9661
67385 68917
95881 38531
52696 51382
72932 88740
28698 13266
80548 96825
98630 2740
73682 77048
20739 61792
96500 48407
30938 27857
98470 24264
9462 95211
48845 7455
19203 97636
8907 86434
86494 57643
99459 70536
94233 37346
66994 18770
74580 86140
5148 18971
47779 24019
89316 20698
81308 57581
67752 75164
35936 34866
66065 35321
13443 42705
86945 53248
78824 23787
60767 38432
95929 43458
93360 1727
28451 12256
31604 860
94840 91334
49022 72174
15985 91237
7913 77488
48210 53535
40171 98097
960 21300
28664 16620
41340 86296
97944 95611
88119 70443
69581 33931
61177 96801
70976 56854
65434 60773
41935 82205
20049 67763
56089 86065
64815 12569
33892 69712
18635 85564
86388 21776
