256
649 261
338 67
714 727
98 332
142 701
727 693
49 575
215 72
912 427
657 959
447 402
310 593
484 943
263 870
818 648
607 122
492 709
860 357
182 857
64 674
263 984
840 461
950 552
248 70
388 393
520 224
622 904
508 915
168 349
434 506
127 123
594 558
409 618
21 991
91 402
184 354
37 172
620 439
513 880
972 897
625 351
374 533
329 278
592 617
38 72
79 385
799 803
606 461
418 162
354 600
442 218
278 164
121 426
262 610
388 637
421 181
305 775
503 6
438 856
643 471
496 425
91 460
369 547
357 637
970 891
347 319
599 347
25 662
617 888
756 629
988 921
258 17
860 819
648 694
75 440
809 819
835 977
988 685
317 843
243 590
756 860
524 977
882 827
842 814
373 144
323 361
215 262
610 507
802 68
526 642
889 961
682 528
576 772
138 120
949 260
74 659
505 995
477 319
14 51
181 828
895 915
695 614
33 371
601 779
95 681
184 252
290 293
13 811
370 901
311 651
365 691
704 541
659 427
932 368
53 692
71 60
906 567
644 634
879 790
220 531
230 132
333 152
600 920
77 108
760 588
625 31
747 735
426 144
970 65
220 600
231 366
82 318
174 75
214 937
290 400
109 858
479 978
454 609
25 171
48 92
409 163
236 890
103 826
85 239
464 390
681 819
790 195
150 203
74 780
475 864
128 46
917 694
802 117
745 728
691 390
531 746
331 959
979 145
175 780
485 831
100 973
504 690
569 212
570 571
449 291
443 256
810 37
894 566
965 404
894 710
9 976
70 948
381 55
412 689
637 487
217 71
267 646
3 971
211 37
554 137
582 204
576 719
639 97
911 123
816 174
286 744
276 858
257 113
132 707
918 149
718 245
321 818
141 974
666 510
13 301
528 550
680 276
878 836
532 107
92 136
79 217
264 686
634 181
128 227
330 566
639 212
295 888
545 164
128 266
333 911
589 104
289 715
555 83
700 250
625 53
51 791
803 328
174 121
959 579
138 86
997 618
381 961
878 630
166 425
368 589
637 602
73 383
474 90
493 993
457 562
587 641
754 804
767 204
342 533
342 620
385 465
156 472
779 169
105 138
733 941
630 467
524 654
225 9
546 97
850 787
320 28
195 997
565 456
745 544
96 641
124 226
114 543
750 424
211 900
138 146
553 974
