256
103 65
37 97
41 72
34 108
90 30
41 83
70 107
15 5
51 66
43 52
81 99
90 57
61 40
84 22
51 85
9 53
33 109
24 67
63 52
45 52
87 31
5 34
33 83
11 87
78 101
31 94
31 10
70 31
5 52
34 107
35 5
74 67
26 37
42 74
35 17
51 51
6 78
84 71
11 78
77 63
51 79
12 52
11 106
57 30
6 44
55 99
13 92
97 11
29 12
83 24
19 66
22 71
25 95
46 55
62 62
38 15
57 11
26 107
17 23
77 23
6 96
94 98
101 109
93 98
75 109
30 58
95 44
19 90
25 20
93 58
87 80
75 106
104 10
55 96
68 34
105 13
92 60
49 31
107 65
86 11
85 40
12 59
68 13
97 96
43 93
9 54
10 13
22 59
42 1
89 79
104 49
18 53
80 18
107 64
93 99
90 4
95 94
63 103
31 87
22 101
4 17
8 103
54 12
99 5
90 24
50 98
102 6
57 102
98 72
106 40
104 86
29 80
16 30
62 90
39 36
51 84
108 78
36 69
30 70
89 27
61 39
61 16
33 74
29 109
67 4
100 87
101 101
1 63
50 85
68 2
21 57
28 76
12 25
20 43
94 5
18 44
4 96
25 37
32 12
29 72
35 67
53 72
79 87
45 6
62 3
6 33
9 20
42 75
74 81
31 97
22 42
56 79
100 13
71 12
91 14
95 94
10 27
57 29
42 106
67 26
54 43
39 51
32 68
35 77
34 1
19 22
12 15
105 73
17 17
81 108
100 46
31 13
25 31
88 75
78 10
84 41
4 66
77 105
42 2
42 109
28 35
75 56
11 88
86 75
34 18
48 53
62 45
18 96
73 34
90 70
11 15
77 83
2 83
8 97
3 32
53 95
96 49
88 105
105 44
36 88
13 55
77 54
76 76
86 103
76 10
67 58
103 74
50 76
4 25
47 76
74 15
25 81
45 41
50 24
66 75
66 40
77 71
25 87
93 81
27 42
69 14
96 43
42 1
44 30
23 1
12 78
52 46
38 87
19 48
29 39
108 21
20 38
3 97
86 2
13 86
52 81
81 26
51 86
39 67
59 86
109 92
12 12
47 85
62 15
90 25
32 63
52 43
27 33
44 45
33 37
56 46
38 36
71 70
74 72
96 53
78 87
