256
9774 9543
7343 9312
7388 5525
8937 1251
2611 8714
4728 6915
5207 6893
2051 1786
3400 2627
5084 6134
3526 59
7626 7555
1674 3486
1229 9630
2567 4169
4900 2171
44 1293
8345 7786
945 2032
9763 9361
8613 3713
3519 8980
7134 8901
4144 727
1803 1484
6438 18
5922 8911
9292 4421
5773 1072
1032 7547
2256 4498
8695 7472
519 4798
1847 5399
4817 9479
6731 8742
6866 8790
973 3746
5600 1460
3665 1391
4503 2907
4147 9172
9613 2929
2805 397
3607 7237
5638 1002
8504 9024
4688 2234
4178 6378
4998 9114
6286 8075
7787 5091
1994 2932
303 4658
945 6415
4016 2423
5081 8108
3344 4112
7673 351
7428 3104
7648 3028
1493 3242
2970 6058
1319 3811
2659 6158
3634 5255
9410 4192
1322 8259
4678 6062
4788 3839
1658 4138
7677 3324
5379 2433
6142 7175
2308 672
7515 2442
3923 712
8057 9720
90 8154
8569 1762
7163 8429
557 3495
9617 6886
5166 7093
6943 9871
5968 907
1535 5928
8352 5993
1825 1796
4513 4184
8979 3938
864 1292
8055 9520
6634 5743
9680 627
6899 4051
1694 8111
9219 239
1194 1838
1806 6727
6867 9614
3307 724
5062 5123
1153 3887
7187 6916
1049 1442
9683 4008
525 6686
6908 4287
5505 6418
685 5214
677 7227
680 8356
8568 3659
6833 7837
3312 9223
791 6388
3805 8477
8219 1850
3867 1368
1313 1969
1210 2185
3283 4526
2421 5610
3024 3652
1886 7986
1696 978
1840 9733
5216 8659
7208 3377
5419 7998
6188 4689
7734 3423
3897 5127
6675 3175
272 6063
1755 2891
8872 4168
8405 9906
7238 8351
4583 8187
8997 7573
7543 1502
9724 8715
5189 6508
4808 4583
3116 4107
2025 662
9619 7458
5869 9864
3997 4236
2882 4053
2323 8254
8879 1913
6734 9409
2126 4274
4846 25
7188 313
8166 5789
5888 3510
2666 1092
5388 2188
2325 544
7200 8193
3041 1335
6754 6204
4256 6481
4864 828
6292 8099
5381 8366
6756 5171
9675 5336
1069 9588
8234 3393
5351 9562
6391 7764
4553 7123
3918 7366
4646 5507
3255 5810
5521 8902
8933 7516
133 2525
1258 3356
9336 9265
6789 848
5215 2769
3574 4080
8628 2653
9181 1443
3103 4547
6398 8252
4931 431
5029 8207
5987 2083
6915 8534
8044 5516
8222 5835
9910 911
4581 3938
8449 7648
3887 4498
7062 4339
6660 2620
7836 5901
5724 1356
9197 5633
7564 5797
8233 5741
7942 8361
617 9753
7068 2704
4444 9584
143 774
5072 8090
9815 9609
9192 2534
272 6356
8628 4548
3827 7403
6050 2185
6869 8176
9255 8790
2019 424
7826 3105
1713 7345
2200 1437
4575 6313
7392 199
9581 3195
6948 4486
4935 9973
9917 7553
168 1512
6345 1804
4873 4995
3878 5826
9648 7734
7650 5779
4494 4639
2072 5186
1300 6300
8288 8098
5577 5993
8043 8425
3556 4308
5341 9000
7092 1880
2213 8059
8425 385
5059 996
4413 9765
4515 5993
4953 8662
5890 7592
8421 2478
