256
1507 3932
5356 1418
432 9586
2338 8872
6503 5530
2553 886
7999 826
7585 2455
6085 7121
1105 8816
3479 9672
9529 6916
5002 8310
4236 7212
1279 2011
7795 5863
5298 1392
5680 7288
9256 6372
9465 8291
292 496
6554 9282
4109 1939
3247 877
7671 1036
9306 3861
1810 8720
9305 5131
471 1725
4408 9917
5312 9754
9370 5840
1282 1803
9029 4429
392 5491
6519 4806
9659 3403
7712 9596
52 3365
6796 1852
9284 5151
2004 144
4812 6369
938 4439
670 8812
6016 6747
1646 6064
7027 7920
541 1604
3802 7188
5571 7743
365 9654
8793 1853
2615 9489
3783 5794
3602 7884
4820 6030
3218 2575
2579 3842
9484 690
5220 7235
9459 5637
6896 1308
3079 2453
5311 6753
9333 7600
2175 6499
1975 583
3707 8390
8048 4588
446 5220
5908 3433
817 3762
2654 1094
8375 2401
2535 8770
5635 994
9140 3577
1137 9788
9127 5166
3930 8385
2561 5939
6259 6869
6081 6541
3933 1152
8565 3141
6599 2567
4450 3652
4332 3434
7863 7423
5513 4685
9386 1111
4390 4085
6818 133
5358 7
7752 8849
9267 4044
6942 2937
1355 6815
5736 7991
5007 7122
4176 9925
8281 3288
3727 2267
6667 2159
4442 4314
6637 5665
4994 6129
6621 7895
2669 662
7328 5465
1793 1902
4811 5694
9065 1732
7711 2761
9405 3540
7877 2217
4562 3615
1325 4585
1122 7977
3693 442
1321 4697
9571 8373
8578 8527
3847 412
3577 1110
5462 8989
5600 7034
8734 6199
7171 7484
5133 7358
3383 9791
1847 3153
278 2037
3410 5203
4447 4455
6321 9614
6016 4484
7097 8067
5499 6374
5037 9359
5493 3594
471 2549
4624 441
6042 6262
5552 3636
4300 2747
5030 8268
9839 8647
101 9471
9819 8461
9883 585
7275 2638
3319 8037
4776 995
4225 3057
9216 5495
1788 7666
7343 8424
7302 9665
3543 4897
9338 8704
5916 241
4342 619
8042 686
734 8885
4875 1196
289 2355
8152 7923
514 3707
5180 5517
1757 5288
30 2365
4695 3749
6555 2695
7307 1357
2586 5407
6387 7933
3641 8530
5245 1070
2637 7067
3613 3940
2448 9378
5614 2510
8534 7178
7618 8723
6487 8899
4225 199
3081 2502
2693 270
2888 824
208 1656
7563 9153
8998 9524
497 2527
407 6532
5045 5443
4061 4255
9299 7749
5316 685
5178 4455
1741 6786
5537 2934
6997 1309
4483 2173
692 6024
3981 3437
3712 2990
2003 1681
7155 7669
3228 6449
9449 5340
469 5632
6268 4019
2595 73
740 7597
2977 4570
8528 1357
7903 3617
5939 6966
4897 9185
1375 5522
6273 8934
4009 1556
8510 4329
4173 7108
6260 9616
3309 8430
6241 9181
514 6478
5119 787
1466 2817
9747 2056
2637 3289
9559 3427
7222 5177
3345 8613
5186 7685
2439 5127
1169 6566
7843 4473
3301 9570
9616 4982
1813 6369
6375 9137
2733 8659
7622 9818
5898 2250
5900 2798
376 5133
1448 968
1691 4056
9122 1444
160 1875
6113 6456
8868 5792
