256
75268 71338
76623 64015
80399 89277
11784 78837
94463 34689
9221 79955
3902 60312
86449 26628
72980 73415
22899 17326
39743 79735
53564 77411
53618 24360
85242 99185
63232 82569
4733 82505
45014 73935
61853 97674
86435 14510
65954 16426
9651 48587
70225 36437
49355 55855
94340 21749
92536 32606
50693 89805
88178 81810
99974 50791
12218 28905
80426 50662
90990 50432
88368 55411
8517 35960
22122 48126
38226 44525
48436 21545
68579 82274
41526 71520
50204 77672
4442 22983
78614 93432
326 72281
8976 19097
8238 90547
14351 56240
72099 24672
46735 29386
63038 83894
50060 43968
15604 85194
56433 35988
67752 99089
24287 19357
57647 96447
31901 60199
19913 63374
18610 60659
24082 23567
26473 77788
25645 99159
4913 86357
88708 22138
66576 51787
86264 78236
9712 78456
20891 11887
39241 27574
34352 72053
34086 66757
81897 61059
29442 3169
15229 86154
47797 79672
36665 44599
12563 57965
24305 27189
47727 4540
31015 25585
12450 37913
84597 60224
66724 42499
70039 90686
6810 10771
53932 86551
13827 60163
43738 24621
22868 63463
53793 53399
28208 700
12081 77014
96602 32697
70954 73245
69121 76758
10718 86444
24683 33077
19250 38910
83930 95918
19371 99568
32838 59057
76504 48062
53829 85450
94014 62515
99795 81012
68251 77863
33272 34545
58202 7859
70277 1839
20251 25945
24866 65133
17653 24273
30097 6737
75000 61359
58054 86194
80382 35047
69083 7175
47154 41096
62643 12448
48172 55015
76540 92597
98846 79931
21758 37599
8251 61312
12761 65545
28323 79008
74683 90144
17451 39541
78462 33944
12272 76613
68882 26463
92371 80677
15565 2699
68696 36988
43601 66520
73885 45144
26836 18096
75070 67553
14836 31455
1334 4584
24682 65385
86507 48754
63281 36468
87820 4889
89833 6382
42894 95330
1820 57295
82320 22528
79516 8444
61077 44302
70355 73669
64365 30995
16815 66888
37117 81151
42754 62078
33316 69146
91345 60014
74618 95739
66933 46558
99461 95941
78636 64289
57505 95839
41994 71425
85917 54360
62700 41745
12260 82971
66506 95594
18008 95892
69572 63985
57529 65886
8143 28011
7748 9895
32207 49350
82273 84345
63091 13699
41050 15735
80687 90968
87634 64507
76727 72572
45070 43542
36159 7350
83474 38608
7831 49332
65155 23878
25814 78443
24868 10991
1756 57123
16518 92606
47071 86897
29518 74170
9946 72137
3220 33409
87674 6080
48075 36781
8855 16106
30141 7237
15319 27997
41534 92246
50301 89340
6226 66464
4419 89134
3583 68816
27774 23821
65809 2928
72568 66136
6876 86834
4153 81475
42281 44455
70169 22024
29858 92626
85048 91669
23557 21154
15180 94097
34031 78684
5435 86329
26976 367
78463 75140
91488 32291
96225 46567
79490 79735
42412 1473
62509 85259
13675 49149
75519 32495
8563 9399
32280 69653
48540 20803
91464 88300
63322 93832
61283 49339
17939 54588
29144 84810
20343 80116
34812 95995
1936 77749
8741 3059
12618 73210
25268 71189
63670 59543
99925 53526
21268 43449
48911 66156
36253 14014
83631 53730
85920 24917
63598 41360
19731 14464
50834 91555
60014 30609
25601 30314
87293 28195
94051 59562
45184 276
87551 91202
11310 41363
5819 83047
38473 27558
97882 73703
