256
16 1812
5398 6862
2320 6268
3766 5886
9891 6429
9440 1482
8833 3340
83 8671
1304 5199
9105 7616
3580 6662
5474 9413
6011 2096
4720 3343
2049 7693
7280 4912
8947 3635
7267 7023
1794 8593
4952 3518
8476 2041
8007 9471
1419 1743
8247 4350
7923 8614
6326 5383
6228 5676
7596 6200
8853 4551
956 7405
9881 4939
8846 4444
6541 217
6029 453
3436 4525
2550 3402
6576 7214
9246 7090
4003 6929
7991 5751
8606 8535
3747 1275
1456 5512
5682 7685
4780 2095
8164 4525
5088 5670
6108 915
6053 2313
236 1255
8600 1762
6564 1835
264 4028
599 7227
6178 7044
1747 7274
5938 4569
5140 1780
6603 3264
4641 7847
4281 9418
7715 9592
604 3651
382 8492
2533 792
8075 5083
4982 5464
7804 2760
9778 6288
1946 5743
4668 4167
9672 3665
8302 1490
2759 1089
8968 990
1970 1269
3392 569
6338 6826
266 7131
6779 6270
7900 4815
2740 6180
1075 7087
7368 2658
5560 7299
3427 6642
1984 2
9598 6526
574 3481
1974 6896
4770 2271
5461 7213
6452 6961
6690 8893
4460 9689
4957 8195
1808 1224
6580 8383
2029 6945
3117 3243
6137 231
8596 4167
9398 7340
8425 8191
9276 4599
7338 7809
6668 4097
5861 9149
7221 8480
9605 6781
4912 8778
7989 6602
6394 2029
9509 6657
5166 1594
8118 941
4795 3547
9302 5880
702 6386
9155 2205
5817 953
2642 9135
788 2985
4888 9295
3076 9120
6698 7376
7364 8388
6088 8919
9727 9161
7196 9825
2500 1051
1185 8898
5207 4089
2014 1539
6206 8051
6227 5574
582 1108
2452 7906
9017 719
1379 4470
2651 7584
7100 3426
7678 8283
9377 930
1609 6059
825 6216
4623 3068
2423 3521
3679 9495
8106 1784
5883 6627
9151 7868
5211 8389
2084 1802
2502 8665
8533 6673
3916 481
4760 2955
3226 3623
2201 8202
4724 4858
9713 1561
3754 3652
1588 6650
743 7986
2135 9227
6839 5758
8213 6966
3735 7914
5734 7654
9626 9779
3950 680
3407 6337
8728 6805
8237 1888
24 6547
4300 6620
2159 9296
9265 8453
8786 6921
1276 3081
3552 3302
1774 9202
784 3802
2588 5837
8341 6887
5 7714
5949 5480
7710 4622
1159 719
5728 5001
9059 9459
9750 5836
9108 1111
577 797
9601 3404
6828 336
4171 7067
1230 3051
7469 3474
9407 2388
5885 4401
5474 3289
5167 5522
2663 9803
570 7689
6276 8790
9679 9605
2918 5819
3399 350
4748 2992
1616 6968
668 4956
8431 5845
849 5485
8377 7015
3393 3171
574 6379
7265 5441
1768 4869
5373 8423
1868 8418
7230 5463
4933 2392
3872 6404
7280 5602
6240 9758
896 1701
3000 6103
2362 7878
2288 8158
279 478
6755 7717
5740 1301
8317 9679
7231 4494
8954 1560
2149 6155
7355 1724
7511 2876
7649 7228
1889 7802
4714 8911
1116 976
6143 5019
7743 7763
4638 4813
8515 2303
2738 3763
554 7556
8796 3577
7895 9242
3662 8017
1331 3469
7861 1002
3832 4365
