256
5932 997
4855 8070
5913 4328
8865 315
4625 3903
8513 7482
2695 8855
1378 285
5767 9648
9483 8025
1166 4815
4375 4834
1595 2038
7276 5964
9513 7298
3887 2299
4716 12
8876 1604
7139 6540
6155 7817
5855 697
2848 9133
9977 9629
1821 1177
3469 9520
7279 1536
5874 5868
5216 5670
7603 9654
8113 1635
8183 5848
7257 3498
2877 8524
4541 5338
2684 1953
3780 7978
3436 8114
9598 2245
6865 9039
2954 1961
5671 4091
6468 382
223 4406
3084 8366
7380 5699
6300 2414
8693 4564
6012 6232
6296 7869
3405 3314
8070 1226
1329 6804
4454 8952
972 6758
4114 3067
600 8208
4406 2780
948 2516
9598 4996
9412 5307
5559 2990
4600 7262
4904 9172
5492 6048
3735 144
8132 8720
3840 983
2648 9535
9510 124
9815 449
8919 7840
9891 4686
4956 9204
7037 3485
3329 432
5105 2535
2987 9954
2558 7478
5543 3510
350 5112
4401 6
3163 3140
394 6707
799 6949
9844 6709
4435 2253
5949 672
4903 3149
3406 587
914 3941
9744 8514
7102 9390
8366 7146
4838 5844
3976 7147
4842 6459
2208 8225
4921 4437
3607 8669
7517 2011
246 1026
5358 8048
870 4919
448 4887
4407 8605
3752 2439
9540 2317
9820 7206
4753 3897
8332 2337
3614 1232
2698 4859
6142 2224
1874 9723
2026 4370
6640 632
1128 9634
5021 6028
5570 3433
5112 8822
6430 7855
5775 9752
3344 7609
7612 7439
2282 7607
7058 1216
396 1674
8409 6716
523 8578
4469 559
685 3502
9802 165
8146 9136
7417 1607
1468 1316
1566 3510
8742 6537
4656 6477
8054 3408
6291 1370
7934 4795
8796 8153
7042 700
144 572
4988 1078
6770 2367
4151 155
4028 8220
9085 4588
37 5313
2039 9431
2483 9049
2960 7766
5338 616
3745 9637
1192 9214
203 9533
6042 6049
6009 5477
2400 282
8783 1419
4599 8283
3105 9968
7571 332
6207 9777
5578 4578
637 6602
2526 390
9482 5661
1985 5081
7250 4243
1604 8613
2507 4865
2896 6379
3443 3736
3680 5456
6246 7927
6550 3910
638 9276
3666 6903
7689 3843
3571 1336
4876 627
8406 4458
7909 1044
613 431
5888 3689
9801 1685
5134 1350
8968 6748
3808 6983
9968 9153
289 336
5440 86
6310 2845
3860 1783
9902 5331
4286 1303
5564 745
2354 5136
6896 6434
4697 3501
8467 4460
4602 3138
4932 6301
9917 620
5538 1087
5019 1804
4671 4522
2941 3689
6935 1055
925 8697
2373 9307
7124 5760
155 4361
7487 3464
1000 2540
6272 4239
4490 875
1281 8006
1624 1753
5053 791
9065 2660
7737 8159
4298 5176
8861 8009
3743 4773
8748 5641
6931 4702
704 2180
5122 8640
4243 2872
488 2222
2840 7642
3406 3225
883 1468
2589 6765
1363 83
8169 9783
497 3249
6610 8583
7386 9899
5742 6425
9439 7052
3353 7799
6417 3614
4926 4934
3500 1320
5607 8874
7169 2291
8250 6895
2834 6732
6785 7529
9052 5009
3000 265
535 1560
