256
15 56
70 70
43 64
20 56
8 14
27 18
27 82
29 75
27 44
84 3
55 80
87 93
29 11
64 102
95 85
38 28
95 22
17 34
68 76
45 108
2 84
30 25
58 51
26 104
95 92
40 31
73 25
79 45
25 6
17 97
9 6
43 43
47 93
68 11
44 1
52 104
76 53
10 29
33 41
41 45
43 20
83 41
29 33
7 50
83 63
55 92
62 61
45 71
76 9
48 76
31 109
69 51
61 32
58 86
88 55
63 1
39 49
32 78
52 105
97 45
77 12
107 34
24 35
68 4
81 35
18 108
105 64
24 9
6 80
62 94
47 90
24 63
62 35
14 54
29 37
22 91
4 53
91 19
29 2
46 62
22 31
77 57
78 43
101 94
70 101
48 4
5 48
36 50
3 37
19 76
8 61
33 14
46 79
102 99
30 22
25 108
101 45
87 64
15 12
64 22
25 31
98 105
93 46
106 70
103 33
53 94
9 29
28 50
17 38
75 57
52 109
3 95
96 19
86 87
50 75
54 41
106 97
58 57
40 103
1 87
84 96
30 36
13 11
18 76
65 33
37 70
60 94
6 49
68 80
2 6
2 62
75 96
37 109
50 86
48 38
96 43
52 2
81 29
24 77
52 94
20 63
63 68
53 104
21 62
62 93
17 51
40 21
54 35
72 68
57 94
103 54
59 21
13 11
50 44
36 39
44 47
105 74
33 36
100 72
41 69
88 55
68 45
50 69
70 108
96 28
32 31
20 43
80 79
11 13
96 89
72 100
106 41
43 35
19 54
109 23
36 61
103 100
20 35
32 54
84 90
80 85
26 57
11 103
45 51
41 1
63 83
16 68
2 67
9 95
39 65
80 2
51 83
45 2
87 56
53 10
90 15
103 69
32 26
102 3
52 19
27 15
77 66
43 103
22 76
13 47
26 7
105 100
53 91
63 42
81 9
44 17
101 33
81 57
29 20
75 45
44 87
75 94
78 30
26 27
61 56
65 83
14 12
3 70
90 85
39 49
61 31
54 21
53 27
42 76
38 39
38 46
57 109
26 37
50 71
83 92
69 74
12 31
90 87
80 21
19 38
67 77
84 73
109 65
100 102
16 2
89 1
52 93
71 103
96 79
83 64
3 72
15 1
48 56
51 49
79 17
66 100
