256
36 34
41 50
73 81
20 56
4 70
92 58
3 51
107 73
12 55
2 84
52 106
64 13
86 74
12 6
60 61
107 73
84 93
91 4
36 85
1 91
106 40
57 93
86 41
84 54
53 69
72 14
105 74
36 102
75 59
32 62
106 78
96 32
23 89
81 49
18 80
36 34
57 104
52 27
33 92
25 41
102 79
18 12
60 32
45 55
41 40
34 53
82 32
31 1
44 104
50 109
86 54
16 53
67 3
81 41
38 31
31 96
17 3
104 29
68 22
101 77
65 55
99 83
14 95
12 88
98 21
45 16
72 40
55 5
101 42
19 91
5 65
56 65
85 39
38 48
62 59
42 31
43 14
27 65
102 66
4 69
86 91
21 23
86 65
41 49
77 94
93 71
5 32
19 12
7 16
68 53
21 107
35 41
83 80
65 6
90 4
53 17
63 37
108 101
6 72
43 95
16 57
8 94
74 13
103 48
94 2
47 109
65 61
30 39
39 77
15 79
94 2
103 43
20 25
83 83
95 96
36 50
42 95
49 43
77 69
89 17
92 9
76 74
79 73
70 9
35 45
49 16
83 29
49 52
76 21
86 3
100 105
72 90
19 106
12 90
24 54
66 22
96 6
79 16
15 2
54 55
39 18
85 96
44 36
78 5
25 33
83 80
30 107
16 53
54 42
37 48
30 20
104 107
109 42
79 29
7 6
8 89
87 75
102 72
105 56
34 16
51 8
78 18
102 75
25 102
68 39
16 71
92 97
70 49
106 82
31 15
24 96
4 33
87 3
8 3
91 56
59 5
31 94
85 47
41 103
74 11
50 42
91 13
26 83
12 55
67 71
5 63
64 67
58 61
23 61
47 102
31 88
86 84
31 87
78 38
106 24
98 36
90 87
11 16
58 28
41 101
66 99
27 68
24 38
71 49
6 26
68 68
56 37
47 90
5 12
66 45
83 19
75 49
98 106
61 49
101 109
93 2
14 102
96 15
27 53
80 83
23 18
89 63
66 102
39 28
26 86
32 23
55 73
43 97
22 20
38 66
9 2
107 33
47 17
109 52
11 41
81 7
21 16
38 30
45 24
31 18
58 20
11 99
49 70
106 106
51 107
58 17
95 90
89 65
22 8
34 4
41 31
11 101
59 76
14 9
14 85
39 74
