256
6998 6136
1973 5731
3337 1653
7776 1155
299 4705
3186 5827
9032 6351
6838 4680
9960 6873
7962 2039
9034 4445
5416 3245
7392 6036
4838 315
3806 4032
7729 7043
3014 2548
1834 7656
5788 3364
575 3471
5956 3911
712 941
268 853
6112 2932
6368 9491
9972 919
5598 4275
3024 5253
3373 466
7705 5130
3869 6099
694 7161
4021 4487
30 925
2002 9710
9733 1989
9395 5982
600 1860
6680 2100
1872 8029
9830 2831
4556 5493
3517 9044
9128 8983
4598 2616
3228 5535
4788 5199
9646 7108
5317 2419
8837 6624
6138 8474
5612 2885
5568 3309
357 7180
6723 4044
731 579
7388 7345
456 1076
711 7948
9090 4743
2705 6970
5579 8350
4520 8678
1081 7391
5051 1203
4267 9311
5257 7962
8453 8480
5478 5933
9293 4239
8513 7970
3187 3750
3264 568
7947 6942
324 4963
1486 7233
9227 1620
5863 9950
2147 7286
1654 1270
7151 3875
7218 5502
1092 6839
310 2811
774 6859
4526 9983
7177 2684
9203 2374
3750 6370
8802 9246
8439 5131
1502 9434
8791 9817
4570 4054
4089 7453
6970 4985
5629 7067
9982 301
7329 8552
9849 9920
9455 7408
3826 9463
6673 7594
221 4064
3425 7308
180 8907
7715 6268
1330 1856
7671 2700
4886 5815
7043 6900
2104 5108
9702 7151
8854 7630
9715 2390
1169 7370
5179 9460
3442 3019
5927 8413
5110 7032
8005 3771
6585 6011
7337 7196
3640 6393
3119 4811
425 3111
8303 8946
9175 6244
742 8683
9981 7343
8978 2183
6033 4230
6685 7007
1009 911
2226 5440
7327 7472
9845 5387
2684 5138
2493 3758
8874 9949
4036 3387
1346 6303
5121 8363
8806 4664
6654 1355
2419 6782
2472 2347
335 5061
4417 1004
6413 5920
2185 5505
8767 8517
7532 142
286 3896
8341 5929
6493 4914
2388 552
4104 1363
8028 6638
412 3720
7445 4052
930 4229
9323 2049
1328 9073
6659 2356
4784 8018
3191 4706
8906 8385
3789 7295
3019 5947
5110 1873
4039 2136
2796 5076
6576 3684
2543 9150
3074 809
7160 414
4899 1697
5710 4133
427 207
5642 2963
4337 9729
9974 4865
6267 4839
212 505
8425 242
7907 2861
8169 1690
7550 3238
2776 2127
5347 6504
3672 1711
1460 7429
7908 9960
6155 9824
2551 4666
9259 3632
8301 2607
9642 6695
8033 4766
4387 8161
5080 8319
7093 1003
8015 1217
8533 9500
4220 7225
2460 565
1835 7451
1186 2162
3977 9058
8472 4942
6934 1227
6800 9750
5438 4728
9822 8655
5538 6666
2627 8556
2561 6487
8482 6930
7259 3867
8712 632
5344 1250
4683 9705
7724 1065
9932 67
9797 2915
1802 2434
7609 4613
1971 568
4590 3935
2675 1721
5246 8390
6278 9980
4912 8421
2173 2285
2619 5432
3275 5765
8867 7502
6099 7177
6359 3624
798 3734
895 7802
2705 223
4441 1789
3188 9342
7444 4674
3165 6904
9651 2110
1767 1889
725 7691
9977 1621
6252 3268
2342 1977
9718 8732
9398 1819
8187 6210
