256
5871 9448
7882 8071
4025 9927
5968 9308
7785 4741
6757 8210
7151 7587
8524 4667
2780 2382
5831 24
5720 1092
7880 4332
4817 3106
4587 1979
9524 3288
602 5382
8909 9121
5488 8154
4346 5145
4079 5993
3798 7136
722 8020
9145 7450
1269 8832
9993 4402
7810 860
3081 2149
1735 6351
1508 2698
6328 1646
1920 5539
719 4927
3560 2693
1432 8995
2454 7053
1529 4496
1480 214
3885 4993
7398 2180
8081 4389
3519 3243
4603 9165
9461 6942
2309 1410
8170 7633
1388 2039
4043 706
8456 1728
4671 361
4067 1218
3417 6082
2345 5065
4404 4966
6786 6905
5918 2647
4054 9479
8198 1418
8527 6360
2533 9484
5638 1348
89 4589
5998 8483
2260 1423
6794 2553
349 6595
3441 2902
5694 9897
7761 3268
3885 6203
9447 855
782 7169
3360 6854
7973 1854
1749 8021
8313 1586
1677 4648
4781 2564
2082 7842
2860 8502
1782 7166
8554 5425
9981 4358
8981 7997
9902 4938
1682 3681
7724 6959
5077 3691
4832 197
5408 8720
6810 5089
5491 2305
2545 5434
3081 9110
9722 5149
6126 5311
875 5041
4013 5344
4738 1305
8721 6812
2982 9340
6730 1323
485 7540
7785 9004
1342 5532
579 5099
5299 1001
741 521
8896 4991
5379 1407
2263 6655
9901 8230
2341 769
8609 7902
9193 5183
8816 528
9432 3243
788 5809
1263 8438
7235 2512
6608 7280
2509 1823
5985 1975
919 2100
8855 3152
518 2591
1256 4526
293 2525
4842 6479
2815 1293
2924 1795
8212 7021
1720 9861
3962 398
3205 4591
9155 4104
4496 5491
140 1635
8536 8789
6108 6987
193 9556
9210 7285
7303 9906
5100 2433
2008 1244
366 2970
815 6956
1600 638
9013 6253
8022 7542
6620 4337
6566 8452
1089 1690
9356 1751
873 137
6844 65
4198 5483
6722 2671
304 5091
6112 7619
9491 687
8246 45
6523 428
1900 1095
215 9826
8843 8361
604 1752
8770 7944
3253 6075
5730 1858
1142 5162
5450 1532
8435 8565
1067 5447
3497 7307
7035 5534
1004 56
7896 4111
7818 6751
8598 9798
5889 3081
2867 4921
2708 7231
6673 7673
4182 7813
5017 3742
3939 5766
7998 2999
635 2997
3939 5721
9501 4271
5414 8235
5119 4051
6914 710
9608 5259
3745 6757
5400 3241
8222 5947
8291 2947
6255 5920
8802 260
9021 38
1528 8309
277 9232
1364 4216
8745 9870
2139 9360
6157 8441
5556 3220
5185 7707
2970 6593
6439 3306
5466 8415
5247 5953
1174 6739
6364 4162
5012 6978
8925 1548
4612 7586
4846 7665
5581 3912
8521 7093
4573 5309
4442 103
5706 2957
1756 992
6199 8147
8607 1705
3139 1360
7550 2032
1506 4242
8631 5937
657 475
7927 9720
6900 1848
9101 8878
9478 3670
2516 6235
9036 1092
4359 2059
636 603
6634 2775
6507 8578
4495 1466
1045 8861
1232 1448
4092 7168
2465 7991
1101 2768
4672 5063
454 7704
7231 3154
150 1871
4177 6596
6130 5172
5593 1824
6646 2913
