256
62 86
29 57
49 3
79 25
108 64
52 81
104 16
88 59
92 107
44 43
108 5
32 51
8 62
31 88
61 14
46 82
13 86
76 29
99 7
68 105
70 50
74 99
21 62
89 3
103 51
46 30
70 43
75 58
108 67
91 85
13 47
76 71
98 38
58 96
23 61
22 105
25 96
13 33
109 38
14 97
90 43
92 56
45 25
49 35
63 56
33 100
93 93
87 76
13 13
104 43
91 76
90 88
82 42
94 44
32 51
10 17
29 57
16 20
53 64
18 79
80 95
31 95
23 18
28 38
6 97
20 66
35 15
1 79
52 68
54 87
3 48
14 100
22 65
86 55
93 48
22 70
92 12
59 62
55 36
93 1
56 79
105 32
98 6
42 19
91 48
28 39
96 21
23 65
28 3
46 107
60 42
12 104
49 26
13 47
108 83
10 70
14 26
22 17
48 3
88 43
66 43
73 25
104 39
14 57
5 67
88 15
77 1
41 87
107 97
49 66
46 15
30 60
36 85
10 54
42 99
47 96
6 65
37 78
52 109
67 42
92 22
56 88
106 51
60 21
106 72
8 85
101 70
84 105
60 10
69 21
97 90
103 1
87 106
99 78
76 54
60 109
19 22
28 26
45 82
17 58
98 95
69 15
35 67
1 7
102 96
102 51
2 49
76 65
46 17
56 43
86 101
41 36
9 68
22 18
88 71
31 71
26 1
79 61
9 67
19 39
87 1
71 12
106 105
33 23
21 14
44 67
107 44
70 75
28 99
12 11
22 8
3 55
61 92
109 60
52 67
8 33
67 32
15 109
91 92
77 103
15 21
86 65
101 64
41 36
87 71
107 84
105 63
17 13
108 76
79 58
26 75
39 19
54 74
36 109
31 34
47 27
13 103
21 81
30 90
72 3
68 28
53 19
36 91
94 58
38 5
31 106
54 30
29 35
63 21
8 38
103 22
106 10
10 79
47 22
100 96
13 24
23 104
14 51
102 53
16 2
71 12
102 88
106 64
42 27
29 24
74 38
27 105
61 3
46 60
43 109
75 52
7 58
33 33
64 108
93 34
70 66
18 27
51 40
59 49
35 96
39 44
40 25
84 108
94 31
43 106
95 52
65 102
48 37
5 2
107 51
31 50
36 31
64 61
90 82
105 56
58 21
